99
74
37
98
21
90
96
87
20
78
66
54
60
15
46
90
66
41
33
94
84
1
8
46
21
31
84
75
6
35
31
3
62
61
19
80
18
99
19
52
19
3
58
50
100
33
3
14
67
16
21
68
71
35
56
68
86
89
20
26
35
36
60
94
7
2
26
12
5
91
42
95
4
96
18
38
72
28
68
54
97
52
94
58
24
89
92
44
4
36
65
32
97
29
40
98
64
51
61
21
65
59
74
89
3
95
29
30
64
72
84
41
55
77
91
36
8
36
62
6
22
5
18
32
25
49
79
38
96
61
26
31
23
72
2
10
91
83
25
100
7
32
18
29
84
41
58
39
89
68
32
29
11
16
56
19
75
96
93
55
69
29
54
73
8
85
90
10
70
64
94
79
45
18
74
68
85
6
29
32
60
32
34
60
12
37
46
77
77
58
37
3
10
67
55
47
5
83
69
77
62
2
57
40
82
13
46
63
17
12
90
50
15
65
19
69
37
2
85
57
86
71
1
48
83
71
22
71
33
13
52
84
25
22
91
51
42
39
32
47
67
45
99
29
95
10
7
62
77
97
55
50
70
76
83
53
25
49
47
47
63
74
64
41
97
81
68
35
38
17
20
43
37
35
62
19
10
96
12
64
45
84
91
10
21
57
58
12
5
8
36
80
73
42
50
47
63
22
71
44
33
59
23
87
43
53
70
40
37
48
25
95
46
22
27
13
16
59
60
55
12
58
39
28
79
9
3
18
70
20
83
93
96
77
34
2
91
42
34
30
18
78
45
72
95
16
9
84
35
64
99
1
42
27
29
28
36
20
41
65
92
38
6
91
5
19
56
87
8
74
83
24
20
78
69
5
48
54
90
9
37
49
32
1
40
20
16
4
52
68
73
13
24
96
8
38
31
37
19
28
15
34
64
29
98
9
6
68
61
92
17
34
94
44
7
75
61
36
40
83
38
13
35
1
66
31
77
34
15
74
85
67
47
87
5
14
7
1
75
60
34
32
77
27
49
82
10
21
87
6
73
88
68
77
13
56
30
61
32
22
30
61
70
66
34
73
21
81
81
85
83
1
46
11
32
15
35
77
13
72
75
82
88
85
39
66
31
94
27
43
63
97
77
32
11
54
43
67
22
32
10
45
38
20
61
45
54
79
56
96
71
90
76
94
40
84
39
89
34
97
97
63
56
12
96
71
71
97
83
13
44
21
37
3
11
84
26
50
98
30
53
32
37
59
89
91
81
89
25
5
53
68
9
58
27
53
3
63
13
18
76
16
49
15
82
55
51
35
97
10
42
40
34
84
13
98
90
7
49
18
28
9
57
37
6
5
76
86
94
81
80
49
37
88
94
16
98
28
28
52
53
38
30
70
78
78
23
19
33
92
79
32
35
53
42
70
28
75
29
54
22
78
72
29
40
39
67
55
33
39
41
96
11
79
17
60
9
63
95
71
35
69
15
65
1
36
73
6
20
36
90
56
9
1
45
41
27
53
14
24
21
42
21
17
17
65
72
100
11
6
30
52
62
24
31
1
55
51
89
67
82
82
87
55
30
3
98
65
51
21
41
52
7
74
44
70
9
91
72
41
78
26
13
13
45
92
43
73
52
3
54
5
58
28
50
83
27
90
19
64
41
36
26
67
14
74
52
80
69
70
75
6
16
33
17
79
28
9
15
77
3
20
67
84
17
74
51
55
73
76
43
25
4
48
16
34
4
73
65
89
30
26
6
14
23
95
37
40
68
78
31
51
28
39
40
75
67
36
29
75
56
57
58
53
70
58
6
42
69
69
6
75
72
6
7
80
1
33
33
24
52
89
89
32
2
86
82
72
6
40
7
80
57
18
34
94
82
27
78
73
62
95
8
13
28
91
30
5
36
59
80
99
4
32
38
53
42
56
34
58
76
76
43
31
49
34
76
87
70
38
10
10
17
90
65
27
28
57
48
76
87
7
28
86
82
59
49
98
54
36
71
83
78
73
6
33
98
96
13
22
54
75
65
15
14
43
54
38
60
84
75
92
21
1
73
16
57
19
84
1
44
58
49
10
87
62
79
74
66
90
84
33
90
67
94
66
46
86
24
100
61
88
78
36
81
1
53
46
86
66
23
79
30
87
3
51
25
60
32
84
91
23
85
27
66
97
91
36
52
25
48
1
63
31
83
22
17
20
8
37
62
67
69
31
29
16
95
98
41
14
95
55
81
93
61
22
53
92
80
83
94
96
46
44
97
20
29
27
33
20
21
41
89
35
29
34
35
10
72
86
89
67
75
2
38
41
33
94
57
75
37
19
83
9
81
67
93
36
61
18
95
58
92
99
90
100
89
61
19
48
90
68
84
48
57
93
16
99
54
17
91
4
96
80
78
67
15
52
47
82
26
48
31
79
1
84
31
39
36
86
88
32
9
47
33
75
6
5
9
58
32
79
29
72
15
5
74
90
86
52
44
37
34
6
89
41
85
12
19
64
34
96
25
11
66
63
87
91
33
74
43
27
36
51
79
67
57
11
44
45
91
99
4
48
88
36
29
96
83
19
48
56
86
89
65
33
78
10
99
38
90
5
95
81
72
49
21
33
64
71
9
23
78
73
52
56
46
46
37
63
57
54
19
19
12
47
4
49
72
62
93
14
45
64
42
34
47
37
49
32
10
42
70
3
15
74
24
37
11
71
69
100
36
77
81
94
91
5
40
77
82
42
72
33
17
83
29
24
30
37
46
33
17
92
88
3
62
29
82
91
55
52
80
82
39
67
15
94
7
74
72
45
5
14
41
80
29
34
98
32
15
4
68
59
27
37
44
37
87
82
77
20
3
17
92
26
84
24
78
82
85
37
23
1
25
24
24
86
33
19
30
30
76
90
39
2
55
61
41
14
76
50
65
30
36
94
19
16
75
57
36
30
23
97
38
57
81
82
20
58
56
4
66
68
19
78
92
11
6
100
80
67
42
57
89
78
25
80
8
18
33
56
50
63
99
70
30
13
9
7
96
51
80
4
32
55
45
1
40
65
37
52
25
71
75
25
48
78
86
99
56
9
46
90
43
78
24
100
20
81
21
16
96
6
92
26
47
82
33
26
88
88
95
46
45
19
37
23
23
53
39
37
68
24
97
31
2
94
91
30
93
52
5
65
32
20
1
95
1
61
57
66
6
56
44
15
88
35
27
2
39
39
81
20
39
30
6
82
15
97
30
33
90
26
53
11
48
13
63
98
60
55
5
87
6
71
9
27
30
44
70
55
84
80
67
9
17
7
1
46
52
10
40
38
76
42
37
82
99
40
22
46
48
50
2
63
27
27
54
31
13
69
34
51
41
60
16
12
28
92
40
48
52
80
62
87
90
48
51
74
42
22
64
21
32
31
98
8
90
93
48
4
98
92
14
60
31
100
59
58
99
54
4
93
65
94
5
26
54
24
14
31
94
81
42
22
96
14
77
93
60
69
80
30
34
28
58
49
47
48
14
10
1
70
73
3
25
95
37
36
28
53
9
41
81
31
65
85
100
39
47
55
1
63
17
46
95
66
67
88
68
72
79
23
2
87
52
3
33
89
37
68
56
47
65
5
99
36
84
77
54
83
50
76
58
54
66
15
73
27
97
6
55
47
16
22
25
100
87
32
68
4
50
96
62
36
85
74
15
20
37
29
89
90
79
68
77
40
54
34
16
89
24
21
6
41
21
37
17
62
86
53
58
37
35
1
25
2
90
22
7
67
6
43
66
33
55
81
81
76
91
28
42
98
31
66
93
6
60
94
95
87
8
86
90
4
6
91
61
26
55
51
24
70
91
24
25
91
47
61
67
60
24
16
42
67
9
72
46
65
46
54
33
88
38
56
79
49
87
80
6
19
15
52
73
47
56
99
47
69
39
94
96
51
68
55
44
60
21
28
35
90
79
46
7
59
70
16
71
54
62
60
29
33
6
97
57
53
50
95
44
65
36
59
82
91
35
68
32
90
63
42
25
76
11
78
21
38
5
56
41
64
85
69
1
46
75
25
56
83
27
17
68
50
58
43
82
98
28
57
11
35
67
7
25
73
87
79
55
91
92
75
40
49
94
96
15
78
72
33
23
66
41
83
95
98
33
88
8
68
88
31
31
61
90
1
93
14
81
13
50
48
18
60
6
60
96
27
12
22
50
42
55
76
100
29
84
37
1
51
80
23
54
60
34
53
2
12
94
37
45
28
47
97
3
90
45
87
89
54
88
79
93
38
47
82
6
72
80
53
48
66
46
52
78
20
42
27
79
8
36
10
78
7
80
87
43
86
61
67
2
83
15
19
55
25
70
36
35
19
45
81
18
80
20
75
91
88
41
2
78
73
99
26
59
15
87
89
17
84
77
77
47
29
43
35
18
89
78
2
79
45
72
77
71
24
93
97
29
23
94
12
82
2
8
99
93
90
10
19
44
67
39
60
33
90
3
6
5
13
63
65
84
89
28
87
53
62
20
70
49
1
88
55
21
15
30
42
26
60
24
50
17
78
39
36
18
75
64
6
52
68
13
93
6
99
16
62
15
56
97
3
84
67
5
65
51
89
2
20
73
41
25
37
6
81
88
20
42
62
21
96
70
89
46
79
82
30
3
76
5
24
6
79
23
59
35
73
93
36
1
41
50
73
100
68
4
57
48
7
59
15
14
15
11
9
53
12
74
14
100
28
31
90
36
66
80
77
96
98
77
45
80
68
96
85
74
29
75
4
25
73
20
55
72
72
18
67
81
23
31
57
80
57
61
62
66
96
1
51
21
14
58
77
7
16
12
81
84
43
90
66
33
24
17
47
87
56
6
76
35
22
47
67
2
100
60
68
95
7
31
1
74
76
24
40
33
3
52
42
93
36
14
71
56
38
83
20
72
82
58
55
54
12
31
90
73
85
55
91
73
33
84
88
3
18
36
58
14
67
15
76
87
27
81
72
26
28
70
29
94
28
43
63
2
3
15
87
91
31
95
29
70
24
68
72
86
69
45
45
64
27
49
83
52
2
63
8
35
83
98
4
91
70
93
46
78
19
69
89
85
62
65
46
78
70
37
37
71
16
46
28
82
74
1
13
87
14
21
9
26
54
31
19
58
90
38
10
40
14
43
10
6
72
41
47
14
39
46
41
65
46
97
51
61
46
52
48
100
55
92
42
39
2
14
72
57
55
67
92
57
93
12
30
76
36
100
100
46
27
62
23
48
2
9
22
45
77
15
18
28
18
2
68
36
89
53
27
51
1
69
75
97
98
68
96
62
90
63
92
19
35
12
16
87
56
76
87
93
80
77
12
30
24
10
32
18
40
42
83
21
79
42
34
67
83
34
95
62
12
69
28
23
45
29
86
4
50
85
76
91
73
82
22
37
59
58
72
69
35
47
12
30
12
96
46
30
1
56
29
69
22
62
66
65
26
54
64
5
38
69
57
42
80
53
93
69
98
33
82
31
38
74
92
78
40
99
84
89
6
40
83
19
13
37
18
91
5
19
78
72
2
49
67
51
13
48
100
65
54
81
4
17
7
7
76
57
8
38
77
50
32
8
72
38
17
58
45
7
37
56
98
6
66
98
3
89
59
72
41
40
30
97
16
74
43
31
69
26
17
83
95
63
29
99
88
66
9
93
90
91
48
71
10
30
5
10
53
95
75
37
10
1
12
81
64
39
72
83
27
13
66
48
89
93
1
32
81
18
90
41
74
2
48
87
78
99
99
10
95
83
83
5
69
38
31
64
63
24
66
18
13
33
99
55
87
7
26
78
37
38
5
60
93
83
16
83
82
49
83
3
81
35
41
66
38
9
37
9
58
77
75
39
61
15
4
57
29
2
6
97
34
72
93
42
54
89
41
55
23
100
58
81
52
84
10
48
59
40
49
89
91
93
7
37
38
50
70
37
81
98
69
63
73
55
36
30
4
9
18
34
99
83
80
61
82
3
21
91
83
51
40
20
84
9
25
11
24
54
14
33
84
40
22
27
19
45
28
96
48
47
32
92
50
75
80
8
24
7
51
26
50
14
17
90
77
47
1
15
53
15
97
7
62
71
32
38
19
93
98
61
5
10
80
16
39
85
50
28
45
54
94
65
17
80
33
63
31
3
97
48
98
68
70
89
62
70
86
29
92
95
30
89
41
58
79
95
94
67
77
40
1
16
42
6
53
77
25
48
96
100
75
26
63
40
70
15
18
32
32
75
39
19
49
49
91
13
99
68
70
92
95
98
57
48
38
45
37
86
46
25
37
68
75
83
54
45
12
43
57
91
46
76
37
58
38
4
73
41
60
85
3
60
36
99
7
85
28
40
2
74
58
72
27
54
2
83
59
17
92
62
92
30
14
28
22
37
36
91
31
67
27
32
19
58
45
19
40
15
16
79
37
83
2
79
68
25
82
30
12
96
37
34
9
8
2
54
49
29
76
59
9
36
58
75
58
15
78
75
82
73
16
98
54
70
25
57
58
20
86
85
100
9
50
65
97
94
21
59
92
10
53
3
68
16
36
33
6
82
24
72
40
46
64
4
71
87
68
34
92
19
83
10
98
51
23
62
46
96
47
58
92
46
71
57
47
95
3
16
66
61
73
88
1
51
56
50
58
52
23
24
32
3
87
99
21
55
72
21
59
85
92
46
66
80
49
4
75
100
100
84
66
2
50
18
29
82
99
29
66
15
91
26
92
84
91
2
89
78
91
62
79
2
39
12
82
24
11
5
80
2
90
39
28
90
52
37
46
55
94
53
36
62
11
87
19
89
24
98
74
36
73
94
83
40
90
99
88
41
7
33
21
8
27
97
95
12
56
34
15
