#module 0 size: 18 bs: 6.28944e-101
7 10 13 17 18 22 28 31 33 37 38 41 44 45 47 50 51 56 
#module 1 size: 35 bs: 0.000478335
5 11 16 25 32 35 36 40 57 61 62 64 69 75 76 77 80 82 84 85 86 87 88 89 90 91 92 93 94 95 96 97 98 99 100 
#module 2 size: 26 bs: 2.16409e-07
103 106 114 116 121 123 136 139 140 141 142 143 144 146 147 148 149 151 155 159 160 166 171 175 176 183 
#module 3 size: 47 bs: 0.0109653
102 107 111 112 117 119 120 125 126 127 128 130 132 133 134 137 138 150 152 153 156 157 158 162 165 168 169 170 171 172 174 177 180 181 186 189 190 191 192 193 194 195 196 197 198 199 200 
#module 4 size: 29 bs: 0.155733
1 2 3 4 9 15 21 23 27 30 34 43 46 48 49 53 60 63 68 70 72 73 74 78 79 81 83 93 1000 
#module 5 size: 21 bs: 0.473882
6 8 12 14 19 20 24 26 29 39 42 52 54 55 58 59 65 66 67 71 97 
#module 6 size: 29 bs: 0.657028
101 104 105 108 109 110 113 115 118 122 124 129 131 135 145 154 161 163 164 167 173 178 179 182 184 185 187 188 200 
#module 7 size: 61 bs: 0.51525
201 203 204 205 206 208 210 211 212 213 216 217 218 219 222 223 224 225 226 227 229 230 232 234 237 239 240 242 243 244 245 247 248 249 253 254 256 259 262 263 264 265 266 267 270 272 274 276 277 282 284 285 286 288 289 291 294 295 296 297 299 
#module 8 size: 39 bs: 0.654322
202 207 209 214 215 220 221 228 231 233 235 236 238 241 246 250 251 252 255 257 258 260 261 268 269 271 273 275 278 279 280 281 283 287 290 292 293 298 300 
