503
298 1 1
401 1 1
428 1 1
10 2 1
52 2 1
55 2 1
149 2 1
199 2 1
293 2 1
325 2 1
341 2 1
368 2 1
424 2 1
440 2 1
450 2 1
469 2 1
472 2 1
24 3 1
35 3 1
48 3 1
73 3 1
159 3 1
181 3 1
250 3 1
278 3 1
298 3 1
382 3 1
401 3 1
11 4 1
56 4 1
94 4 1
135 4 1
149 4 1
209 4 1
270 4 1
346 4 1
368 4 1
414 4 1
434 4 1
479 4 1
489 4 1
227 5 1
199 6 1
271 6 1
341 6 1
440 6 1
472 6 1
10 7 1
52 7 1
67 7 1
99 7 1
107 7 1
108 7 1
120 7 1
123 7 1
137 7 1
190 7 1
192 7 1
199 7 1
237 7 1
260 7 1
316 7 1
317 7 1
325 7 1
327 7 1
380 7 1
389 7 1
411 7 1
413 7 1
420 7 1
421 7 1
424 7 1
450 7 1
465 7 1
484 7 1
12 8 1
90 8 1
130 8 1
263 8 1
338 8 1
350 8 1
402 8 1
298 9 1
342 9 1
401 9 1
2 10 1
7 10 1
11 10 1
55 10 1
94 10 1
108 10 1
123 10 1
199 10 1
271 10 1
293 10 1
325 10 1
327 10 1
368 10 1
440 10 1
450 10 1
464 10 1
469 10 1
472 10 1
4 11 1
10 11 1
56 11 1
94 11 1
135 11 1
149 11 1
209 11 1
346 11 1
368 11 1
414 11 1
434 11 1
479 11 1
489 11 1
8 12 1
30 12 1
54 12 1
90 12 1
111 12 1
129 12 1
138 12 1
256 12 1
263 12 1
311 12 1
338 12 1
350 12 1
352 12 1
377 12 1
402 12 1
417 12 1
61 13 1
181 13 1
290 13 1
310 13 1
442 13 1
38 14 1
62 14 1
88 14 1
168 14 1
178 14 1
258 14 1
345 14 1
369 14 1
406 14 1
459 14 1
71 15 1
168 15 1
230 15 1
265 15 1
288 15 1
399 15 1
415 15 1
446 15 1
451 15 1
485 15 1
501 15 1
70 16 1
255 16 1
284 16 1
355 16 1
429 16 1
483 16 1
484 16 1
412 17 1
108 18 1
137 18 1
413 18 1
27 19 1
125 19 1
133 19 1
201 19 1
206 19 1
279 19 1
285 19 1
291 19 1
296 19 1
379 19 1
438 19 1
447 19 1
467 19 1
468 19 1
215 20 1
322 20 1
338 20 1
377 20 1
381 20 1
385 20 1
473 20 1
28 21 1
63 21 1
104 21 1
195 21 1
231 21 1
336 21 1
349 21 1
370 21 1
373 21 1
461 21 1
32 22 1
33 22 1
102 22 1
105 22 1
106 22 1
125 22 1
139 22 1
150 22 1
171 22 1
175 22 1
201 22 1
216 22 1
217 22 1
285 22 1
291 22 1
324 22 1
342 22 1
392 22 1
402 22 1
408 22 1
438 22 1
464 22 1
467 22 1
468 22 1
478 22 1
495 22 1
497 22 1
25 23 1
64 23 1
72 23 1
110 23 1
148 23 1
151 23 1
153 23 1
223 23 1
234 23 1
258 23 1
269 23 1
287 23 1
301 23 1
348 23 1
359 23 1
378 23 1
395 23 1
444 23 1
460 23 1
475 23 1
493 23 1
3 24 1
48 24 1
51 24 1
73 24 1
76 24 1
106 24 1
159 24 1
217 24 1
238 24 1
278 24 1
298 24 1
379 24 1
382 24 1
401 24 1
418 24 1
428 24 1
437 24 1
457 24 1
23 25 1
110 25 1
131 25 1
148 25 1
154 25 1
176 25 1
177 25 1
183 25 1
191 25 1
198 25 1
219 25 1
225 25 1
228 25 1
234 25 1
242 25 1
269 25 1
275 25 1
277 25 1
287 25 1
323 25 1
329 25 1
359 25 1
395 25 1
444 25 1
460 25 1
502 25 1
76 26 1
84 26 1
198 26 1
228 26 1
234 26 1
275 26 1
301 26 1
19 27 1
76 27 1
125 27 1
161 27 1
224 27 1
279 27 1
289 27 1
291 27 1
438 27 1
467 27 1
21 28 1
104 28 1
151 28 1
283 28 1
336 28 1
349 28 1
379 28 1
503 28 1
91 29 1
264 29 1
289 29 1
318 29 1
366 29 1
397 29 1
12 30 1
249 30 1
254 30 1
402 30 1
485 30 1
104 31 1
144 31 1
335 31 1
22 32 1
35 32 1
46 32 1
65 32 1
102 32 1
139 32 1
171 32 1
181 32 1
201 32 1
216 32 1
241 32 1
244 32 1
340 32 1
342 32 1
399 32 1
412 32 1
22 33 1
495 33 1
66 34 1
85 34 1
119 34 1
186 34 1
319 34 1
385 34 1
453 34 1
3 35 1
32 35 1
73 35 1
181 35 1
201 35 1
241 35 1
282 35 1
292 35 1
47 36 1
82 36 1
144 36 1
152 36 1
241 36 1
258 36 1
320 36 1
337 36 1
410 36 1
492 36 1
497 36 1
499 36 1
167 37 1
14 38 1
62 38 1
76 38 1
88 38 1
133 38 1
168 38 1
178 38 1
258 38 1
345 38 1
369 38 1
459 38 1
103 39 1
118 39 1
185 39 1
193 39 1
248 39 1
283 39 1
351 39 1
403 39 1
435 39 1
73 40 1
106 40 1
298 40 1
373 40 1
42 41 1
100 41 1
149 41 1
162 41 1
187 41 1
214 41 1
358 41 1
393 41 1
405 41 1
462 41 1
41 42 1
60 42 1
100 42 1
149 42 1
162 42 1
187 42 1
189 42 1
202 42 1
208 42 1
214 42 1
259 42 1
334 42 1
358 42 1
393 42 1
396 42 1
405 42 1
407 42 1
414 42 1
450 42 1
455 42 1
462 42 1
489 42 1
77 43 1
165 43 1
344 43 1
353 43 1
115 44 1
430 44 1
51 45 1
73 45 1
116 45 1
125 45 1
133 45 1
150 45 1
160 45 1
194 45 1
212 45 1
222 45 1
246 45 1
275 45 1
279 45 1
289 45 1
291 45 1
311 45 1
324 45 1
344 45 1
371 45 1
379 45 1
382 45 1
392 45 1
447 45 1
456 45 1
467 45 1
468 45 1
486 45 1
32 46 1
97 46 1
98 46 1
112 46 1
117 46 1
126 46 1
140 46 1
142 46 1
174 46 1
235 46 1
304 46 1
340 46 1
383 46 1
388 46 1
409 46 1
441 46 1
464 46 1
480 46 1
498 46 1
36 47 1
87 47 1
205 47 1
337 47 1
338 47 1
371 47 1
385 47 1
394 47 1
410 47 1
470 47 1
481 47 1
492 47 1
3 48 1
24 48 1
51 48 1
73 48 1
89 48 1
106 48 1
136 48 1
147 48 1
159 48 1
184 48 1
217 48 1
240 48 1
278 48 1
298 48 1
342 48 1
382 48 1
401 48 1
428 48 1
438 48 1
444 48 1
457 48 1
106 49 1
373 49 1
383 49 1
409 49 1
478 49 1
486 49 1
161 50 1
224 50 1
290 50 1
375 50 1
423 50 1
24 51 1
45 51 1
48 51 1
73 51 1
75 51 1
116 51 1
125 51 1
136 51 1
159 51 1
165 51 1
184 51 1
203 51 1
217 51 1
226 51 1
238 51 1
278 51 1
279 51 1
298 51 1
342 51 1
379 51 1
382 51 1
401 51 1
404 51 1
428 51 1
433 51 1
457 51 1
471 51 1
2 52 1
7 52 1
67 52 1
99 52 1
107 52 1
120 52 1
123 52 1
172 52 1
192 52 1
211 52 1
237 52 1
260 52 1
316 52 1
368 52 1
389 52 1
411 52 1
413 52 1
421 52 1
424 52 1
450 52 1
194 53 1
12 54 1
90 54 1
130 54 1
138 54 1
311 54 1
2 55 1
10 55 1
192 55 1
199 55 1
293 55 1
325 55 1
341 55 1
368 55 1
424 55 1
450 55 1
469 55 1
472 55 1
4 56 1
11 56 1
94 56 1
135 56 1
149 56 1
209 56 1
214 56 1
270 56 1
334 56 1
346 56 1
358 56 1
368 56 1
393 56 1
407 56 1
414 56 1
434 56 1
479 56 1
489 56 1
81 57 1
102 57 1
139 57 1
145 57 1
224 57 1
274 57 1
290 57 1
313 57 1
324 57 1
349 57 1
355 57 1
375 57 1
398 57 1
423 57 1
445 57 1
458 57 1
60 58 1
81 58 1
157 58 1
171 58 1
175 58 1
281 58 1
297 58 1
376 58 1
442 58 1
482 58 1
485 58 1
487 58 1
497 58 1
134 59 1
163 59 1
166 59 1
295 59 1
42 60 1
58 60 1
157 60 1
171 60 1
175 60 1
297 60 1
376 60 1
414 60 1
485 60 1
497 60 1
13 61 1
145 61 1
224 61 1
290 61 1
299 61 1
355 61 1
375 61 1
431 61 1
442 61 1
500 61 1
14 62 1
38 62 1
88 62 1
168 62 1
178 62 1
258 62 1
345 62 1
459 62 1
21 63 1
104 63 1
121 63 1
195 63 1
265 63 1
268 63 1
361 63 1
373 63 1
461 63 1
469 63 1
483 63 1
500 63 1
503 63 1
23 64 1
68 64 1
72 64 1
148 64 1
153 64 1
180 64 1
234 64 1
262 64 1
269 64 1
287 64 1
323 64 1
329 64 1
359 64 1
378 64 1
395 64 1
444 64 1
446 64 1
476 64 1
493 64 1
502 64 1
32 65 1
69 65 1
75 65 1
87 65 1
130 65 1
133 65 1
139 65 1
144 65 1
160 65 1
165 65 1
171 65 1
186 65 1
200 65 1
201 65 1
241 65 1
251 65 1
255 65 1
261 65 1
267 65 1
273 65 1
289 65 1
302 65 1
322 65 1
330 65 1
338 65 1
340 65 1
371 65 1
376 65 1
392 65 1
399 65 1
417 65 1
425 65 1
482 65 1
483 65 1
34 66 1
77 66 1
85 66 1
200 66 1
392 66 1
443 66 1
456 66 1
7 67 1
52 67 1
96 67 1
120 67 1
123 67 1
192 67 1
237 67 1
260 67 1
316 67 1
325 67 1
368 67 1
411 67 1
413 67 1
424 67 1
450 67 1
465 67 1
472 67 1
64 68 1
72 68 1
76 68 1
148 68 1
180 68 1
269 68 1
359 68 1
378 68 1
418 68 1
444 68 1
65 69 1
75 69 1
255 69 1
273 69 1
302 69 1
330 69 1
417 69 1
484 69 1
16 70 1
104 70 1
255 70 1
265 70 1
284 70 1
355 70 1
361 70 1
483 70 1
500 70 1
15 71 1
288 71 1
399 71 1
419 71 1
23 72 1
64 72 1
68 72 1
76 72 1
86 72 1
110 72 1
119 72 1
131 72 1
148 72 1
183 72 1
191 72 1
198 72 1
223 72 1
225 72 1
228 72 1
234 72 1
265 72 1
269 72 1
275 72 1
301 72 1
329 72 1
348 72 1
359 72 1
378 72 1
395 72 1
418 72 1
444 72 1
460 72 1
480 72 1
488 72 1
494 72 1
502 72 1
3 73 1
24 73 1
35 73 1
40 73 1
45 73 1
48 73 1
51 73 1
75 73 1
106 73 1
125 73 1
136 73 1
159 73 1
184 73 1
186 73 1
203 73 1
217 73 1
226 73 1
238 73 1
240 73 1
261 73 1
275 73 1
278 73 1
291 73 1
294 73 1
298 73 1
302 73 1
342 73 1
379 73 1
382 73 1
392 73 1
401 73 1
404 73 1
428 73 1
433 73 1
453 73 1
457 73 1
471 73 1
495 73 1
115 74 1
213 74 1
247 74 1
305 74 1
430 74 1
51 75 1
65 75 1
69 75 1
73 75 1
130 75 1
136 75 1
147 75 1
159 75 1
165 75 1
186 75 1
203 75 1
217 75 1
226 75 1
238 75 1
241 75 1
261 75 1
273 75 1
278 75 1
298 75 1
302 75 1
342 75 1
382 75 1
401 75 1
404 75 1
433 75 1
457 75 1
471 75 1
24 76 1
26 76 1
27 76 1
38 76 1
68 76 1
72 76 1
86 76 1
88 76 1
110 76 1
176 76 1
178 76 1
183 76 1
198 76 1
234 76 1
258 76 1
269 76 1
275 76 1
277 76 1
301 76 1
345 76 1
348 76 1
359 76 1
378 76 1
395 76 1
418 76 1
444 76 1
459 76 1
460 76 1
488 76 1
43 77 1
66 77 1
155 77 1
203 77 1
255 77 1
319 77 1
344 77 1
353 77 1
483 77 1
174 78 1
397 78 1
426 78 1
486 78 1
399 79 1
451 79 1
97 80 1
98 80 1
112 80 1
117 80 1
126 80 1
140 80 1
142 80 1
229 80 1
304 80 1
340 80 1
344 80 1
388 80 1
464 80 1
57 81 1
58 81 1
102 81 1
137 81 1
139 81 1
144 81 1
145 81 1
161 81 1
169 81 1
200 81 1
224 81 1
252 81 1
255 81 1
266 81 1
274 81 1
276 81 1
290 81 1
297 81 1
313 81 1
321 81 1
349 81 1
353 81 1
355 81 1
375 81 1
386 81 1
398 81 1
425 81 1
436 81 1
442 81 1
445 81 1
458 81 1
461 81 1
487 81 1
36 82 1
478 82 1
486 82 1
330 83 1
343 83 1
427 83 1
26 84 1
86 84 1
131 84 1
191 84 1
198 84 1
206 84 1
223 84 1
225 84 1
234 84 1
239 84 1
242 84 1
275 84 1
306 84 1
309 84 1
329 84 1
348 84 1
378 84 1
395 84 1
419 84 1
444 84 1
460 84 1
494 84 1
34 85 1
66 85 1
215 85 1
267 85 1
338 85 1
371 85 1
377 85 1
392 85 1
402 85 1
423 85 1
456 85 1
463 85 1
72 86 1
76 86 1
84 86 1
131 86 1
152 86 1
191 86 1
223 86 1
225 86 1
234 86 1
242 86 1
269 86 1
275 86 1
287 86 1
301 86 1
309 86 1
329 86 1
348 86 1
359 86 1
378 86 1
419 86 1
460 86 1
488 86 1
494 86 1
47 87 1
65 87 1
95 87 1
116 87 1
117 87 1
132 87 1
133 87 1
140 87 1
144 87 1
160 87 1
226 87 1
246 87 1
267 87 1
289 87 1
320 87 1
324 87 1
337 87 1
371 87 1
372 87 1
376 87 1
410 87 1
425 87 1
480 87 1
481 87 1
14 88 1
38 88 1
62 88 1
76 88 1
178 88 1
258 88 1
345 88 1
369 88 1
459 88 1
48 89 1
116 89 1
161 89 1
8 90 1
12 90 1
54 90 1
130 90 1
138 90 1
356 90 1
385 90 1
29 91 1
264 91 1
291 91 1
318 91 1
366 91 1
397 91 1
287 92 1
231 93 1
4 94 1
10 94 1
11 94 1
56 94 1
149 94 1
209 94 1
270 94 1
327 94 1
346 94 1
368 94 1
414 94 1
434 94 1
479 94 1
489 94 1
87 95 1
205 95 1
236 95 1
281 95 1
337 95 1
394 95 1
410 95 1
67 96 1
99 96 1
107 96 1
108 96 1
120 96 1
137 96 1
172 96 1
190 96 1
192 96 1
211 96 1
237 96 1
260 96 1
316 96 1
317 96 1
380 96 1
389 96 1
411 96 1
413 96 1
420 96 1
421 96 1
424 96 1
450 96 1
465 96 1
46 97 1
80 97 1
112 97 1
126 97 1
140 97 1
142 97 1
244 97 1
304 97 1
340 97 1
388 97 1
464 97 1
480 97 1
46 98 1
80 98 1
112 98 1
117 98 1
126 98 1
140 98 1
142 98 1
304 98 1
340 98 1
388 98 1
441 98 1
464 98 1
480 98 1
7 99 1
52 99 1
96 99 1
107 99 1
108 99 1
120 99 1
123 99 1
137 99 1
187 99 1
190 99 1
192 99 1
237 99 1
242 99 1
316 99 1
325 99 1
368 99 1
389 99 1
393 99 1
411 99 1
420 99 1
421 99 1
424 99 1
450 99 1
460 99 1
465 99 1
472 99 1
41 100 1
42 100 1
162 100 1
187 100 1
189 100 1
208 100 1
214 100 1
334 100 1
358 100 1
393 100 1
396 100 1
405 100 1
407 100 1
455 100 1
462 100 1
115 101 1
305 101 1
310 101 1
398 101 1
430 101 1
22 102 1
32 102 1
57 102 1
81 102 1
104 102 1
133 102 1
139 102 1
145 102 1
161 102 1
201 102 1
224 102 1
252 102 1
255 102 1
257 102 1
266 102 1
274 102 1
276 102 1
290 102 1
297 102 1
310 102 1
313 102 1
321 102 1
342 102 1
349 102 1
353 102 1
355 102 1
375 102 1
386 102 1
398 102 1
423 102 1
436 102 1
442 102 1
445 102 1
458 102 1
461 102 1
487 102 1
39 103 1
185 103 1
193 103 1
248 103 1
283 103 1
351 103 1
384 103 1
403 103 1
435 103 1
21 104 1
28 104 1
31 104 1
63 104 1
70 104 1
102 104 1
119 104 1
121 104 1
151 104 1
195 104 1
217 104 1
252 104 1
255 104 1
268 104 1
276 104 1
330 104 1
336 104 1
341 104 1
349 104 1
361 104 1
373 104 1
461 104 1
469 104 1
483 104 1
500 104 1
503 104 1
22 105 1
171 105 1
216 105 1
296 105 1
312 105 1
342 105 1
495 105 1
22 106 1
24 106 1
40 106 1
48 106 1
49 106 1
73 106 1
147 106 1
159 106 1
216 106 1
217 106 1
240 106 1
278 106 1
298 106 1
342 106 1
401 106 1
452 106 1
457 106 1
484 106 1
7 107 1
52 107 1
96 107 1
99 107 1
108 107 1
120 107 1
123 107 1
172 107 1
192 107 1
237 107 1
242 107 1
260 107 1
316 107 1
325 107 1
389 107 1
411 107 1
413 107 1
420 107 1
424 107 1
450 107 1
472 107 1
7 108 1
10 108 1
18 108 1
96 108 1
99 108 1
107 108 1
120 108 1
137 108 1
172 108 1
190 108 1
192 108 1
211 108 1
237 108 1
260 108 1
317 108 1
325 108 1
389 108 1
413 108 1
424 108 1
450 108 1
465 108 1
472 108 1
484 108 1
215 109 1
347 109 1
385 109 1
23 110 1
25 110 1
72 110 1
76 110 1
176 110 1
183 110 1
191 110 1
219 110 1
228 110 1
234 110 1
275 110 1
277 110 1
306 110 1
323 110 1
329 110 1
359 110 1
378 110 1
395 110 1
418 110 1
444 110 1
446 110 1
493 110 1
12 111 1
117 111 1
150 111 1
181 111 1
334 111 1
350 111 1
402 111 1
46 112 1
80 112 1
97 112 1
98 112 1
117 112 1
126 112 1
140 112 1
142 112 1
244 112 1
304 112 1
340 112 1
388 112 1
416 112 1
422 112 1
267 113 1
241 114 1
44 115 1
74 115 1
101 115 1
170 115 1
213 115 1
245 115 1
247 115 1
305 115 1
310 115 1
333 115 1
398 115 1
430 115 1
45 116 1
51 116 1
87 116 1
89 116 1
125 116 1
130 116 1
133 116 1
144 116 1
201 116 1
241 116 1
249 116 1
282 116 1
292 116 1
302 116 1
343 116 1
371 116 1
480 116 1
46 117 1
80 117 1
87 117 1
98 117 1
111 117 1
112 117 1
133 117 1
140 117 1
170 117 1
226 117 1
235 117 1
304 117 1
331 117 1
340 117 1
377 117 1
383 117 1
388 117 1
409 117 1
425 117 1
464 117 1
467 117 1
480 117 1
39 118 1
185 118 1
283 118 1
351 118 1
403 118 1
435 118 1
34 119 1
72 119 1
104 119 1
186 119 1
319 119 1
453 119 1
7 120 1
52 120 1
67 120 1
96 120 1
99 120 1
107 120 1
108 120 1
123 120 1
137 120 1
172 120 1
190 120 1
192 120 1
211 120 1
237 120 1
260 120 1
293 120 1
316 120 1
317 120 1
380 120 1
389 120 1
411 120 1
413 120 1
424 120 1
440 120 1
450 120 1
465 120 1
63 121 1
104 121 1
195 121 1
361 121 1
503 121 1
133 122 1
160 122 1
371 122 1
480 122 1
7 123 1
10 123 1
52 123 1
67 123 1
99 123 1
107 123 1
120 123 1
137 123 1
172 123 1
192 123 1
201 123 1
211 123 1
237 123 1
260 123 1
316 123 1
325 123 1
327 123 1
341 123 1
389 123 1
411 123 1
413 123 1
420 123 1
421 123 1
424 123 1
450 123 1
469 123 1
472 123 1
155 124 1
194 124 1
19 125 1
22 125 1
27 125 1
45 125 1
51 125 1
73 125 1
116 125 1
130 125 1
150 125 1
151 125 1
158 125 1
165 125 1
181 125 1
200 125 1
201 125 1
212 125 1
215 125 1
217 125 1
222 125 1
230 125 1
238 125 1
240 125 1
267 125 1
275 125 1
279 125 1
289 125 1
291 125 1
302 125 1
311 125 1
324 125 1
336 125 1
342 125 1
344 125 1
366 125 1
379 125 1
382 125 1
385 125 1
392 125 1
402 125 1
408 125 1
438 125 1
447 125 1
456 125 1
466 125 1
467 125 1
468 125 1
481 125 1
503 125 1
46 126 1
80 126 1
97 126 1
98 126 1
112 126 1
140 126 1
142 126 1
235 126 1
244 126 1
304 126 1
340 126 1
388 126 1
409 126 1
422 126 1
441 126 1
464 126 1
311 127 1
386 127 1
458 127 1
163 128 1
12 129 1
138 129 1
8 130 1
54 130 1
65 130 1
75 130 1
90 130 1
116 130 1
125 130 1
138 130 1
212 130 1
241 130 1
263 130 1
267 130 1
302 130 1
311 130 1
343 130 1
356 130 1
392 130 1
457 130 1
458 130 1
25 131 1
72 131 1
84 131 1
86 131 1
153 131 1
225 131 1
228 131 1
234 131 1
242 131 1
269 131 1
275 131 1
287 131 1
306 131 1
329 131 1
348 131 1
419 131 1
460 131 1
494 131 1
87 132 1
205 132 1
236 132 1
19 133 1
38 133 1
45 133 1
65 133 1
87 133 1
102 133 1
116 133 1
117 133 1
122 133 1
144 133 1
160 133 1
178 133 1
200 133 1
227 133 1
241 133 1
249 133 1
257 133 1
267 133 1
278 133 1
289 133 1
319 133 1
320 133 1
338 133 1
343 133 1
371 133 1
392 133 1
401 133 1
406 133 1
425 133 1
480 133 1
59 134 1
163 134 1
207 134 1
295 134 1
377 134 1
463 134 1
4 135 1
11 135 1
56 135 1
149 135 1
209 135 1
270 135 1
346 135 1
368 135 1
434 135 1
479 135 1
489 135 1
48 136 1
51 136 1
73 136 1
75 136 1
147 136 1
203 136 1
217 136 1
238 136 1
294 136 1
298 136 1
401 136 1
428 136 1
444 136 1
457 136 1
471 136 1
7 137 1
18 137 1
81 137 1
96 137 1
99 137 1
108 137 1
120 137 1
123 137 1
190 137 1
192 137 1
237 137 1
260 137 1
316 137 1
317 137 1
339 137 1
380 137 1
389 137 1
411 137 1
413 137 1
420 137 1
424 137 1
431 137 1
450 137 1
465 137 1
472 137 1
12 138 1
54 138 1
90 138 1
129 138 1
130 138 1
263 138 1
311 138 1
22 139 1
32 139 1
57 139 1
65 139 1
81 139 1
102 139 1
181 139 1
188 139 1
201 139 1
252 139 1
255 139 1
257 139 1
297 139 1
313 139 1
321 139 1
342 139 1
353 139 1
355 139 1
386 139 1
425 139 1
458 139 1
464 139 1
480 139 1
487 139 1
46 140 1
80 140 1
87 140 1
97 140 1
98 140 1
112 140 1
117 140 1
126 140 1
142 140 1
170 140 1
229 140 1
244 140 1
304 140 1
331 140 1
340 140 1
357 140 1
388 140 1
409 140 1
412 140 1
416 140 1
441 140 1
464 140 1
480 140 1
449 141 1
46 142 1
80 142 1
97 142 1
98 142 1
112 142 1
126 142 1
140 142 1
146 142 1
170 142 1
229 142 1
244 142 1
272 142 1
289 142 1
304 142 1
340 142 1
356 142 1
388 142 1
409 142 1
412 142 1
416 142 1
422 142 1
441 142 1
464 142 1
480 142 1
253 143 1
286 143 1
491 143 1
31 144 1
36 144 1
65 144 1
81 144 1
87 144 1
116 144 1
133 144 1
160 144 1
218 144 1
238 144 1
241 144 1
249 144 1
289 144 1
322 144 1
335 144 1
338 144 1
371 144 1
425 144 1
431 144 1
433 144 1
480 144 1
482 144 1
497 144 1
57 145 1
61 145 1
81 145 1
102 145 1
161 145 1
224 145 1
274 145 1
276 145 1
290 145 1
313 145 1
324 145 1
349 145 1
375 145 1
398 145 1
423 145 1
431 145 1
436 145 1
445 145 1
142 146 1
416 146 1
48 147 1
75 147 1
106 147 1
136 147 1
238 147 1
240 147 1
298 147 1
23 148 1
25 148 1
64 148 1
68 148 1
72 148 1
153 148 1
180 148 1
183 148 1
191 148 1
198 148 1
206 148 1
219 148 1
225 148 1
234 148 1
242 148 1
262 148 1
269 148 1
287 148 1
306 148 1
329 148 1
348 148 1
359 148 1
378 148 1
419 148 1
444 148 1
460 148 1
476 148 1
493 148 1
2 149 1
4 149 1
11 149 1
41 149 1
42 149 1
56 149 1
94 149 1
135 149 1
209 149 1
214 149 1
270 149 1
325 149 1
334 149 1
341 149 1
346 149 1
358 149 1
368 149 1
393 149 1
414 149 1
434 149 1
479 149 1
489 149 1
22 150 1
45 150 1
111 150 1
125 150 1
201 150 1
215 150 1
230 150 1
240 150 1
289 150 1
291 150 1
338 150 1
344 150 1
379 150 1
392 150 1
402 150 1
438 150 1
447 150 1
466 150 1
467 150 1
468 150 1
23 151 1
28 151 1
104 151 1
125 151 1
252 151 1
268 151 1
291 151 1
336 151 1
349 151 1
364 151 1
461 151 1
503 151 1
36 152 1
86 152 1
223 152 1
239 152 1
242 152 1
269 152 1
378 152 1
460 152 1
23 153 1
64 153 1
131 153 1
148 153 1
180 153 1
262 153 1
378 153 1
476 153 1
494 153 1
25 154 1
183 154 1
234 154 1
277 154 1
359 154 1
418 154 1
482 154 1
502 154 1
77 155 1
124 155 1
246 156 1
267 156 1
324 156 1
425 156 1
58 157 1
60 157 1
171 157 1
175 157 1
179 157 1
241 157 1
281 157 1
376 157 1
442 157 1
482 157 1
485 157 1
497 157 1
125 158 1
224 158 1
235 158 1
279 158 1
291 158 1
379 158 1
392 158 1
438 158 1
447 158 1
467 158 1
3 159 1
24 159 1
48 159 1
51 159 1
73 159 1
75 159 1
106 159 1
217 159 1
278 159 1
298 159 1
342 159 1
382 159 1
401 159 1
437 159 1
452 159 1
457 159 1
495 159 1
45 160 1
65 160 1
87 160 1
122 160 1
133 160 1
144 160 1
249 160 1
267 160 1
272 160 1
319 160 1
322 160 1
324 160 1
371 160 1
375 160 1
425 160 1
27 161 1
50 161 1
81 161 1
89 161 1
102 161 1
145 161 1
224 161 1
255 161 1
279 161 1
290 161 1
349 161 1
355 161 1
423 161 1
438 161 1
41 162 1
42 162 1
100 162 1
189 162 1
334 162 1
358 162 1
393 162 1
405 162 1
407 162 1
455 162 1
462 162 1
59 163 1
128 163 1
134 163 1
295 163 1
377 163 1
463 163 1
486 163 1
249 164 1
43 165 1
51 165 1
65 165 1
75 165 1
125 165 1
181 165 1
201 165 1
212 165 1
265 165 1
273 165 1
302 165 1
353 165 1
59 166 1
37 167 1
180 167 1
14 168 1
15 168 1
38 168 1
62 168 1
178 168 1
258 168 1
265 168 1
345 168 1
369 168 1
459 168 1
485 168 1
501 168 1
81 169 1
227 169 1
425 169 1
115 170 1
117 170 1
140 170 1
142 170 1
232 170 1
243 170 1
266 170 1
304 170 1
331 170 1
335 170 1
367 170 1
385 170 1
431 170 1
464 170 1
480 170 1
487 170 1
22 171 1
32 171 1
58 171 1
60 171 1
65 171 1
105 171 1
157 171 1
175 171 1
216 171 1
229 171 1
297 171 1
312 171 1
342 171 1
376 171 1
412 171 1
474 171 1
482 171 1
485 171 1
495 171 1
497 171 1
52 172 1
96 172 1
107 172 1
108 172 1
120 172 1
123 172 1
190 172 1
192 172 1
260 172 1
316 172 1
325 172 1
339 172 1
411 172 1
413 172 1
424 172 1
440 172 1
450 172 1
465 172 1
456 173 1
46 174 1
78 174 1
194 174 1
235 174 1
343 174 1
480 174 1
486 174 1
491 174 1
22 175 1
58 175 1
60 175 1
157 175 1
171 175 1
241 175 1
281 175 1
376 175 1
442 175 1
482 175 1
497 175 1
25 176 1
76 176 1
110 176 1
177 176 1
183 176 1
206 176 1
262 176 1
277 176 1
323 176 1
359 176 1
385 176 1
395 176 1
419 176 1
444 176 1
502 176 1
25 177 1
176 177 1
180 177 1
183 177 1
198 177 1
269 177 1
275 177 1
277 177 1
359 177 1
378 177 1
418 177 1
444 177 1
446 177 1
502 177 1
14 178 1
38 178 1
62 178 1
76 178 1
88 178 1
133 178 1
168 178 1
258 178 1
345 178 1
369 178 1
406 178 1
459 178 1
501 178 1
157 179 1
497 179 1
64 180 1
68 180 1
148 180 1
153 180 1
167 180 1
177 180 1
183 180 1
191 180 1
198 180 1
219 180 1
221 180 1
223 180 1
228 180 1
234 180 1
239 180 1
262 180 1
269 180 1
275 180 1
277 180 1
301 180 1
306 180 1
329 180 1
359 180 1
378 180 1
395 180 1
476 180 1
493 180 1
502 180 1
3 181 1
13 181 1
32 181 1
35 181 1
111 181 1
125 181 1
139 181 1
165 181 1
188 181 1
201 181 1
241 181 1
252 181 1
265 181 1
290 181 1
310 181 1
355 181 1
400 181 1
438 181 1
442 181 1
445 181 1
483 181 1
243 182 1
291 182 1
322 182 1
499 182 1
25 183 1
72 183 1
76 183 1
110 183 1
148 183 1
154 183 1
176 183 1
177 183 1
180 183 1
206 183 1
221 183 1
234 183 1
277 183 1
281 183 1
323 183 1
329 183 1
348 183 1
359 183 1
391 183 1
395 183 1
419 183 1
444 183 1
502 183 1
48 184 1
51 184 1
73 184 1
217 184 1
294 184 1
374 184 1
428 184 1
39 185 1
103 185 1
118 185 1
248 185 1
283 185 1
403 185 1
435 185 1
34 186 1
65 186 1
73 186 1
75 186 1
119 186 1
200 186 1
217 186 1
226 186 1
238 186 1
240 186 1
302 186 1
392 186 1
453 186 1
41 187 1
42 187 1
99 187 1
100 187 1
334 187 1
358 187 1
393 187 1
396 187 1
450 187 1
455 187 1
139 188 1
181 188 1
453 188 1
42 189 1
100 189 1
162 189 1
208 189 1
307 189 1
334 189 1
358 189 1
393 189 1
405 189 1
455 189 1
462 189 1
7 190 1
96 190 1
99 190 1
108 190 1
120 190 1
137 190 1
172 190 1
192 190 1
237 190 1
260 190 1
316 190 1
325 190 1
380 190 1
389 190 1
413 190 1
420 190 1
421 190 1
424 190 1
450 190 1
465 190 1
25 191 1
72 191 1
84 191 1
86 191 1
110 191 1
148 191 1
180 191 1
198 191 1
219 191 1
223 191 1
225 191 1
228 191 1
234 191 1
239 191 1
242 191 1
269 191 1
275 191 1
287 191 1
301 191 1
306 191 1
309 191 1
329 191 1
348 191 1
359 191 1
389 191 1
395 191 1
419 191 1
460 191 1
482 191 1
493 191 1
494 191 1
502 191 1
7 192 1
52 192 1
55 192 1
67 192 1
96 192 1
99 192 1
107 192 1
108 192 1
120 192 1
123 192 1
137 192 1
172 192 1
190 192 1
211 192 1
237 192 1
316 192 1
317 192 1
325 192 1
327 192 1
339 192 1
341 192 1
380 192 1
389 192 1
411 192 1
413 192 1
420 192 1
421 192 1
424 192 1
450 192 1
465 192 1
39 193 1
103 193 1
248 193 1
283 193 1
351 193 1
403 193 1
435 193 1
45 194 1
53 194 1
124 194 1
174 194 1
197 194 1
227 194 1
233 194 1
320 194 1
363 194 1
426 194 1
430 194 1
478 194 1
486 194 1
491 194 1
21 195 1
63 195 1
104 195 1
121 195 1
361 195 1
503 195 1
296 196 1
310 196 1
375 196 1
400 196 1
442 196 1
483 196 1
484 196 1
194 197 1
25 198 1
26 198 1
72 198 1
76 198 1
84 198 1
148 198 1
177 198 1
180 198 1
191 198 1
223 198 1
228 198 1
234 198 1
275 198 1
301 198 1
306 198 1
309 198 1
329 198 1
348 198 1
359 198 1
418 198 1
419 198 1
444 198 1
494 198 1
2 199 1
6 199 1
7 199 1
10 199 1
55 199 1
271 199 1
280 199 1
293 199 1
300 199 1
325 199 1
341 199 1
368 199 1
440 199 1
469 199 1
472 199 1
65 200 1
66 200 1
81 200 1
125 200 1
133 200 1
186 200 1
227 200 1
289 200 1
338 200 1
344 200 1
385 200 1
392 200 1
425 200 1
19 201 1
22 201 1
32 201 1
35 201 1
65 201 1
102 201 1
116 201 1
123 201 1
125 201 1
139 201 1
150 201 1
165 201 1
181 201 1
241 201 1
265 201 1
285 201 1
291 201 1
302 201 1
342 201 1
355 201 1
391 201 1
438 201 1
454 201 1
467 201 1
468 201 1
42 202 1
214 202 1
334 202 1
358 202 1
393 202 1
405 202 1
51 203 1
73 203 1
75 203 1
77 203 1
136 203 1
217 203 1
226 203 1
238 203 1
298 203 1
331 203 1
342 203 1
401 203 1
433 203 1
495 203 1
217 204 1
399 204 1
402 204 1
484 204 1
47 205 1
95 205 1
132 205 1
337 205 1
385 205 1
394 205 1
410 205 1
19 206 1
84 206 1
148 206 1
176 206 1
183 206 1
348 206 1
395 206 1
419 206 1
446 206 1
134 207 1
295 207 1
377 207 1
42 208 1
100 208 1
189 208 1
334 208 1
358 208 1
393 208 1
396 208 1
405 208 1
407 208 1
455 208 1
4 209 1
11 209 1
56 209 1
94 209 1
135 209 1
149 209 1
270 209 1
346 209 1
368 209 1
414 209 1
479 209 1
489 209 1
452 210 1
52 211 1
96 211 1
108 211 1
120 211 1
123 211 1
192 211 1
413 211 1
450 211 1
472 211 1
45 212 1
125 212 1
130 212 1
165 212 1
238 212 1
291 212 1
438 212 1
466 212 1
468 212 1
74 213 1
115 213 1
245 213 1
305 213 1
310 213 1
333 213 1
430 213 1
41 214 1
42 214 1
56 214 1
100 214 1
149 214 1
202 214 1
334 214 1
358 214 1
393 214 1
455 214 1
462 214 1
20 215 1
85 215 1
109 215 1
125 215 1
150 215 1
247 215 1
291 215 1
322 215 1
338 215 1
362 215 1
377 215 1
381 215 1
385 215 1
402 215 1
456 215 1
473 215 1
22 216 1
32 216 1
105 216 1
106 216 1
171 216 1
251 216 1
255 216 1
296 216 1
312 216 1
342 216 1
355 216 1
416 216 1
495 216 1
22 217 1
24 217 1
48 217 1
51 217 1
73 217 1
75 217 1
104 217 1
106 217 1
125 217 1
136 217 1
159 217 1
184 217 1
186 217 1
203 217 1
204 217 1
218 217 1
226 217 1
238 217 1
240 217 1
241 217 1
265 217 1
278 217 1
291 217 1
298 217 1
302 217 1
342 217 1
371 217 1
382 217 1
401 217 1
404 217 1
428 217 1
433 217 1
457 217 1
471 217 1
495 217 1
144 218 1
217 218 1
238 218 1
392 218 1
433 218 1
25 219 1
110 219 1
148 219 1
180 219 1
191 219 1
223 219 1
269 219 1
275 219 1
277 219 1
287 219 1
306 219 1
329 219 1
348 219 1
378 219 1
419 219 1
476 219 1
493 219 1
440 220 1
180 221 1
183 221 1
269 221 1
323 221 1
348 221 1
45 222 1
125 222 1
23 223 1
72 223 1
84 223 1
86 223 1
152 223 1
180 223 1
191 223 1
198 223 1
219 223 1
239 223 1
269 223 1
275 223 1
287 223 1
348 223 1
359 223 1
378 223 1
419 223 1
488 223 1
494 223 1
27 224 1
50 224 1
57 224 1
61 224 1
81 224 1
102 224 1
145 224 1
158 224 1
161 224 1
290 224 1
349 224 1
391 224 1
423 224 1
436 224 1
438 224 1
445 224 1
25 225 1
72 225 1
84 225 1
86 225 1
131 225 1
148 225 1
191 225 1
234 225 1
242 225 1
269 225 1
275 225 1
287 225 1
306 225 1
309 225 1
329 225 1
348 225 1
359 225 1
395 225 1
418 225 1
419 225 1
460 225 1
494 225 1
51 226 1
73 226 1
75 226 1
87 226 1
117 226 1
186 226 1
203 226 1
217 226 1
238 226 1
298 226 1
342 226 1
401 226 1
470 226 1
471 226 1
5 227 1
133 227 1
169 227 1
194 227 1
200 227 1
344 227 1
385 227 1
486 227 1
25 228 1
26 228 1
72 228 1
110 228 1
131 228 1
180 228 1
191 228 1
198 228 1
234 228 1
269 228 1
275 228 1
277 228 1
301 228 1
306 228 1
329 228 1
388 228 1
419 228 1
493 228 1
80 229 1
140 229 1
142 229 1
171 229 1
15 230 1
125 230 1
150 230 1
279 230 1
288 230 1
291 230 1
392 230 1
415 230 1
438 230 1
447 230 1
451 230 1
456 230 1
467 230 1
468 230 1
21 231 1
93 231 1
170 232 1
331 232 1
367 232 1
385 232 1
409 232 1
431 232 1
194 233 1
486 233 1
23 234 1
25 234 1
26 234 1
64 234 1
72 234 1
76 234 1
84 234 1
86 234 1
110 234 1
131 234 1
148 234 1
154 234 1
180 234 1
183 234 1
191 234 1
198 234 1
225 234 1
228 234 1
239 234 1
242 234 1
269 234 1
275 234 1
277 234 1
287 234 1
306 234 1
309 234 1
329 234 1
348 234 1
359 234 1
378 234 1
395 234 1
418 234 1
419 234 1
444 234 1
460 234 1
475 234 1
476 234 1
494 234 1
502 234 1
46 235 1
117 235 1
126 235 1
158 235 1
174 235 1
255 235 1
261 235 1
273 235 1
326 235 1
340 235 1
355 235 1
388 235 1
402 235 1
409 235 1
427 235 1
474 235 1
483 235 1
484 235 1
95 236 1
132 236 1
394 236 1
410 236 1
7 237 1
52 237 1
67 237 1
96 237 1
99 237 1
107 237 1
108 237 1
120 237 1
123 237 1
137 237 1
190 237 1
192 237 1
260 237 1
316 237 1
380 237 1
389 237 1
411 237 1
413 237 1
420 237 1
424 237 1
450 237 1
465 237 1
24 238 1
51 238 1
73 238 1
75 238 1
125 238 1
136 238 1
144 238 1
147 238 1
186 238 1
203 238 1
212 238 1
217 238 1
218 238 1
226 238 1
240 238 1
278 238 1
298 238 1
302 238 1
342 238 1
401 238 1
404 238 1
428 238 1
433 238 1
467 238 1
471 238 1
84 239 1
152 239 1
180 239 1
191 239 1
223 239 1
234 239 1
269 239 1
329 239 1
348 239 1
378 239 1
418 239 1
419 239 1
444 239 1
48 240 1
73 240 1
106 240 1
125 240 1
147 240 1
150 240 1
186 240 1
217 240 1
238 240 1
291 240 1
298 240 1
311 240 1
319 240 1
342 240 1
344 240 1
382 240 1
401 240 1
428 240 1
437 240 1
457 240 1
32 241 1
35 241 1
36 241 1
65 241 1
75 241 1
114 241 1
116 241 1
130 241 1
133 241 1
144 241 1
157 241 1
175 241 1
181 241 1
201 241 1
217 241 1
267 241 1
273 241 1
302 241 1
330 241 1
338 241 1
340 241 1
342 241 1
343 241 1
344 241 1
362 241 1
371 241 1
376 241 1
392 241 1
402 241 1
410 241 1
412 241 1
482 241 1
497 241 1
25 242 1
84 242 1
86 242 1
99 242 1
107 242 1
131 242 1
148 242 1
152 242 1
191 242 1
225 242 1
234 242 1
269 242 1
275 242 1
277 242 1
301 242 1
306 242 1
309 242 1
329 242 1
348 242 1
378 242 1
419 242 1
460 242 1
467 242 1
480 242 1
494 242 1
170 243 1
182 243 1
312 243 1
322 243 1
470 243 1
485 243 1
499 243 1
32 244 1
97 244 1
112 244 1
126 244 1
140 244 1
142 244 1
304 244 1
388 244 1
417 244 1
422 244 1
478 244 1
115 245 1
213 245 1
305 245 1
310 245 1
333 245 1
430 245 1
45 246 1
87 246 1
156 246 1
267 246 1
324 246 1
371 246 1
387 246 1
74 247 1
115 247 1
215 247 1
305 247 1
310 247 1
338 247 1
430 247 1
39 248 1
103 248 1
185 248 1
193 248 1
283 248 1
351 248 1
403 248 1
435 248 1
30 249 1
116 249 1
133 249 1
144 249 1
160 249 1
164 249 1
254 249 1
289 249 1
320 249 1
322 249 1
343 249 1
371 249 1
377 249 1
402 249 1
480 249 1
3 250 1
490 250 1
65 251 1
216 251 1
255 251 1
312 251 1
330 251 1
416 251 1
464 251 1
483 251 1
484 251 1
81 252 1
102 252 1
104 252 1
139 252 1
151 252 1
181 252 1
355 252 1
361 252 1
373 252 1
398 252 1
461 252 1
487 252 1
503 252 1
143 253 1
30 254 1
249 254 1
281 254 1
370 254 1
402 254 1
485 254 1
16 255 1
65 255 1
69 255 1
70 255 1
77 255 1
81 255 1
102 255 1
104 255 1
139 255 1
161 255 1
216 255 1
235 255 1
251 255 1
273 255 1
302 255 1
330 255 1
353 255 1
355 255 1
361 255 1
427 255 1
429 255 1
445 255 1
458 255 1
474 255 1
483 255 1
484 255 1
12 256 1
306 256 1
309 256 1
348 256 1
419 256 1
102 257 1
133 257 1
139 257 1
290 257 1
297 257 1
313 257 1
321 257 1
423 257 1
425 257 1
14 258 1
23 258 1
36 258 1
38 258 1
62 258 1
76 258 1
88 258 1
168 258 1
178 258 1
345 258 1
369 258 1
406 258 1
459 258 1
42 259 1
7 260 1
52 260 1
67 260 1
96 260 1
107 260 1
108 260 1
120 260 1
123 260 1
137 260 1
172 260 1
190 260 1
237 260 1
316 260 1
317 260 1
389 260 1
411 260 1
413 260 1
424 260 1
450 260 1
465 260 1
65 261 1
73 261 1
75 261 1
235 261 1
273 261 1
302 261 1
355 261 1
64 262 1
148 262 1
153 262 1
176 262 1
180 262 1
269 262 1
287 262 1
309 262 1
378 262 1
493 262 1
502 262 1
8 263 1
12 263 1
130 263 1
138 263 1
350 263 1
356 263 1
29 264 1
91 264 1
291 264 1
318 264 1
366 264 1
15 265 1
63 265 1
70 265 1
72 265 1
165 265 1
168 265 1
181 265 1
201 265 1
217 265 1
281 265 1
371 265 1
377 265 1
392 265 1
400 265 1
416 265 1
417 265 1
446 265 1
469 265 1
471 265 1
485 265 1
81 266 1
102 266 1
170 266 1
276 266 1
290 266 1
294 266 1
299 266 1
308 266 1
331 266 1
363 266 1
367 266 1
375 266 1
431 266 1
442 266 1
487 266 1
65 267 1
85 267 1
87 267 1
113 267 1
125 267 1
130 267 1
133 267 1
156 267 1
160 267 1
241 267 1
246 267 1
274 267 1
289 267 1
302 267 1
313 267 1
319 267 1
324 267 1
343 267 1
371 267 1
372 267 1
387 267 1
392 267 1
63 268 1
104 268 1
151 268 1
336 268 1
361 268 1
373 268 1
503 268 1
23 269 1
25 269 1
64 269 1
68 269 1
72 269 1
76 269 1
86 269 1
131 269 1
148 269 1
152 269 1
177 269 1
180 269 1
191 269 1
219 269 1
221 269 1
223 269 1
225 269 1
228 269 1
234 269 1
239 269 1
242 269 1
262 269 1
287 269 1
301 269 1
306 269 1
329 269 1
348 269 1
378 269 1
418 269 1
419 269 1
460 269 1
476 269 1
488 269 1
494 269 1
4 270 1
56 270 1
94 270 1
135 270 1
149 270 1
209 270 1
334 270 1
346 270 1
368 270 1
414 270 1
434 270 1
479 270 1
489 270 1
6 271 1
10 271 1
199 271 1
142 272 1
160 272 1
340 272 1
65 273 1
69 273 1
75 273 1
165 273 1
235 273 1
241 273 1
255 273 1
261 273 1
302 273 1
330 273 1
427 273 1
454 273 1
483 273 1
484 273 1
57 274 1
81 274 1
102 274 1
145 274 1
267 274 1
290 274 1
313 274 1
321 274 1
349 274 1
355 274 1
375 274 1
398 274 1
423 274 1
436 274 1
445 274 1
461 274 1
25 275 1
26 275 1
45 275 1
72 275 1
73 275 1
76 275 1
84 275 1
86 275 1
110 275 1
125 275 1
131 275 1
177 275 1
180 275 1
191 275 1
198 275 1
219 275 1
223 275 1
225 275 1
228 275 1
234 275 1
242 275 1
277 275 1
279 275 1
281 275 1
291 275 1
301 275 1
309 275 1
323 275 1
329 275 1
348 275 1
359 275 1
378 275 1
382 275 1
392 275 1
395 275 1
402 275 1
419 275 1
428 275 1
444 275 1
460 275 1
467 275 1
468 275 1
475 275 1
476 275 1
488 275 1
493 275 1
494 275 1
81 276 1
102 276 1
104 276 1
145 276 1
266 276 1
349 276 1
355 276 1
375 276 1
25 277 1
76 277 1
110 277 1
154 277 1
176 277 1
177 277 1
180 277 1
183 277 1
219 277 1
228 277 1
234 277 1
242 277 1
275 277 1
306 277 1
329 277 1
348 277 1
359 277 1
378 277 1
418 277 1
444 277 1
482 277 1
502 277 1
3 278 1
24 278 1
48 278 1
51 278 1
73 278 1
75 278 1
106 278 1
133 278 1
159 278 1
217 278 1
238 278 1
298 278 1
342 278 1
382 278 1
392 278 1
428 278 1
433 278 1
457 278 1
19 279 1
27 279 1
45 279 1
51 279 1
125 279 1
158 279 1
161 279 1
230 279 1
275 279 1
291 279 1
344 279 1
379 279 1
392 279 1
438 279 1
447 279 1
467 279 1
468 279 1
199 280 1
325 280 1
360 280 1
432 280 1
472 280 1
477 280 1
58 281 1
95 281 1
157 281 1
175 281 1
183 281 1
254 281 1
265 281 1
275 281 1
323 281 1
359 281 1
370 281 1
442 281 1
446 281 1
482 281 1
485 281 1
497 281 1
35 282 1
116 282 1
292 282 1
338 282 1
373 282 1
385 282 1
409 282 1
28 283 1
39 283 1
103 283 1
118 283 1
185 283 1
193 283 1
248 283 1
291 283 1
351 283 1
384 283 1
403 283 1
435 283 1
16 284 1
70 284 1
483 284 1
484 284 1
19 285 1
22 285 1
201 285 1
438 285 1
454 285 1
143 286 1
397 286 1
478 286 1
23 287 1
25 287 1
64 287 1
86 287 1
92 287 1
131 287 1
148 287 1
191 287 1
219 287 1
223 287 1
225 287 1
234 287 1
262 287 1
269 287 1
306 287 1
309 287 1
329 287 1
348 287 1
373 287 1
378 287 1
418 287 1
419 287 1
460 287 1
488 287 1
494 287 1
15 288 1
71 288 1
230 288 1
399 288 1
415 288 1
451 288 1
27 289 1
29 289 1
45 289 1
65 289 1
87 289 1
125 289 1
133 289 1
142 289 1
144 289 1
150 289 1
200 289 1
249 289 1
267 289 1
313 289 1
314 289 1
319 289 1
324 289 1
356 289 1
366 289 1
371 289 1
375 289 1
392 289 1
425 289 1
466 289 1
13 290 1
50 290 1
57 290 1
61 290 1
81 290 1
102 290 1
145 290 1
161 290 1
181 290 1
224 290 1
257 290 1
266 290 1
274 290 1
313 290 1
321 290 1
349 290 1
363 290 1
375 290 1
423 290 1
436 290 1
442 290 1
445 290 1
19 291 1
22 291 1
27 291 1
45 291 1
73 291 1
91 291 1
125 291 1
150 291 1
151 291 1
158 291 1
182 291 1
201 291 1
212 291 1
215 291 1
217 291 1
230 291 1
240 291 1
264 291 1
275 291 1
279 291 1
283 291 1
296 291 1
311 291 1
318 291 1
319 291 1
324 291 1
330 291 1
344 291 1
359 291 1
379 291 1
382 291 1
385 291 1
392 291 1
438 291 1
444 291 1
447 291 1
456 291 1
466 291 1
467 291 1
468 291 1
35 292 1
116 292 1
282 292 1
2 293 1
10 293 1
55 293 1
120 293 1
199 293 1
325 293 1
341 293 1
368 293 1
414 293 1
424 293 1
440 293 1
450 293 1
469 293 1
472 293 1
73 294 1
136 294 1
184 294 1
266 294 1
59 295 1
134 295 1
163 295 1
207 295 1
19 296 1
105 296 1
196 296 1
216 296 1
291 296 1
312 296 1
362 296 1
447 296 1
464 296 1
467 296 1
483 296 1
484 296 1
58 297 1
60 297 1
81 297 1
102 297 1
139 297 1
171 297 1
257 297 1
313 297 1
321 297 1
355 297 1
1 298 1
3 298 1
9 298 1
24 298 1
40 298 1
48 298 1
51 298 1
73 298 1
75 298 1
106 298 1
136 298 1
147 298 1
159 298 1
203 298 1
217 298 1
226 298 1
238 298 1
240 298 1
278 298 1
342 298 1
343 298 1
379 298 1
382 298 1
401 298 1
404 298 1
428 298 1
433 298 1
437 298 1
444 298 1
457 298 1
471 298 1
61 299 1
266 299 1
361 299 1
363 299 1
375 299 1
431 299 1
442 299 1
483 299 1
485 299 1
500 299 1
199 300 1
325 300 1
341 300 1
368 300 1
411 300 1
472 300 1
23 301 1
26 301 1
72 301 1
76 301 1
86 301 1
180 301 1
191 301 1
198 301 1
228 301 1
242 301 1
269 301 1
275 301 1
309 301 1
329 301 1
359 301 1
378 301 1
402 301 1
419 301 1
444 301 1
460 301 1
488 301 1
65 302 1
69 302 1
73 302 1
75 302 1
116 302 1
125 302 1
130 302 1
165 302 1
186 302 1
201 302 1
217 302 1
238 302 1
241 302 1
255 302 1
261 302 1
267 302 1
273 302 1
322 302 1
326 302 1
330 302 1
392 302 1
457 302 1
471 302 1
327 303 1
483 303 1
46 304 1
80 304 1
97 304 1
98 304 1
112 304 1
117 304 1
126 304 1
140 304 1
142 304 1
170 304 1
244 304 1
340 304 1
388 304 1
416 304 1
441 304 1
464 304 1
480 304 1
74 305 1
101 305 1
115 305 1
213 305 1
245 305 1
247 305 1
310 305 1
333 305 1
430 305 1
84 306 1
110 306 1
131 306 1
148 306 1
180 306 1
191 306 1
198 306 1
219 306 1
225 306 1
228 306 1
234 306 1
242 306 1
256 306 1
269 306 1
277 306 1
287 306 1
309 306 1
329 306 1
348 306 1
359 306 1
419 306 1
460 306 1
494 306 1
502 306 1
189 307 1
393 307 1
266 308 1
344 308 1
84 309 1
86 309 1
191 309 1
198 309 1
225 309 1
234 309 1
242 309 1
256 309 1
262 309 1
275 309 1
287 309 1
301 309 1
306 309 1
329 309 1
359 309 1
419 309 1
460 309 1
13 310 1
101 310 1
102 310 1
115 310 1
181 310 1
196 310 1
213 310 1
245 310 1
247 310 1
305 310 1
333 310 1
375 310 1
398 310 1
400 310 1
430 310 1
431 310 1
442 310 1
445 310 1
12 311 1
45 311 1
54 311 1
125 311 1
127 311 1
130 311 1
138 311 1
240 311 1
291 311 1
344 311 1
356 311 1
412 311 1
458 311 1
474 311 1
105 312 1
171 312 1
216 312 1
243 312 1
251 312 1
296 312 1
342 312 1
344 312 1
464 312 1
484 312 1
495 312 1
57 313 1
81 313 1
102 313 1
139 313 1
145 313 1
257 313 1
267 313 1
274 313 1
289 313 1
290 313 1
297 313 1
321 313 1
324 313 1
349 313 1
353 313 1
355 313 1
375 313 1
398 313 1
461 313 1
289 314 1
322 315 1
371 315 1
7 316 1
52 316 1
67 316 1
96 316 1
99 316 1
107 316 1
120 316 1
123 316 1
137 316 1
172 316 1
190 316 1
192 316 1
237 316 1
260 316 1
317 316 1
325 316 1
339 316 1
389 316 1
411 316 1
413 316 1
420 316 1
424 316 1
450 316 1
465 316 1
472 316 1
7 317 1
96 317 1
108 317 1
120 317 1
137 317 1
192 317 1
260 317 1
316 317 1
413 317 1
424 317 1
450 317 1
465 317 1
472 317 1
29 318 1
91 318 1
264 318 1
291 318 1
366 318 1
397 318 1
34 319 1
77 319 1
119 319 1
133 319 1
160 319 1
240 319 1
267 319 1
289 319 1
291 319 1
324 319 1
340 319 1
344 319 1
371 319 1
372 319 1
446 319 1
36 320 1
87 320 1
133 320 1
194 320 1
249 320 1
337 320 1
371 320 1
448 320 1
481 320 1
81 321 1
102 321 1
139 321 1
257 321 1
274 321 1
290 321 1
297 321 1
313 321 1
349 321 1
355 321 1
375 321 1
20 322 1
65 322 1
144 322 1
160 322 1
182 322 1
215 322 1
243 322 1
249 322 1
302 322 1
315 322 1
338 322 1
371 322 1
377 322 1
381 322 1
402 322 1
470 322 1
476 322 1
497 322 1
25 323 1
64 323 1
110 323 1
176 323 1
183 323 1
221 323 1
275 323 1
281 323 1
359 323 1
395 323 1
502 323 1
22 324 1
45 324 1
57 324 1
87 324 1
125 324 1
145 324 1
156 324 1
160 324 1
246 324 1
267 324 1
289 324 1
291 324 1
313 324 1
319 324 1
342 324 1
344 324 1
371 324 1
372 324 1
375 324 1
379 324 1
428 324 1
433 324 1
453 324 1
2 325 1
7 325 1
10 325 1
55 325 1
67 325 1
99 325 1
107 325 1
108 325 1
123 325 1
149 325 1
172 325 1
190 325 1
192 325 1
199 325 1
280 325 1
293 325 1
300 325 1
316 325 1
327 325 1
341 325 1
346 325 1
368 325 1
393 325 1
411 325 1
413 325 1
424 325 1
440 325 1
450 325 1
469 325 1
472 325 1
235 326 1
302 326 1
355 326 1
474 326 1
7 327 1
10 327 1
94 327 1
123 327 1
192 327 1
303 327 1
325 327 1
368 327 1
411 327 1
413 327 1
469 327 1
472 327 1
400 328 1
442 328 1
445 328 1
457 328 1
25 329 1
64 329 1
72 329 1
84 329 1
86 329 1
110 329 1
131 329 1
148 329 1
180 329 1
183 329 1
191 329 1
198 329 1
219 329 1
225 329 1
228 329 1
234 329 1
239 329 1
242 329 1
269 329 1
275 329 1
277 329 1
287 329 1
301 329 1
306 329 1
309 329 1
348 329 1
359 329 1
378 329 1
395 329 1
418 329 1
419 329 1
444 329 1
460 329 1
488 329 1
494 329 1
65 330 1
69 330 1
83 330 1
104 330 1
241 330 1
251 330 1
255 330 1
273 330 1
291 330 1
302 330 1
343 330 1
365 330 1
427 330 1
484 330 1
117 331 1
140 331 1
170 331 1
203 331 1
232 331 1
266 331 1
480 331 1
487 331 1
423 332 1
115 333 1
213 333 1
245 333 1
305 333 1
310 333 1
430 333 1
42 334 1
56 334 1
100 334 1
111 334 1
149 334 1
162 334 1
187 334 1
189 334 1
202 334 1
208 334 1
214 334 1
270 334 1
358 334 1
393 334 1
396 334 1
405 334 1
407 334 1
455 334 1
462 334 1
31 335 1
144 335 1
170 335 1
21 336 1
28 336 1
104 336 1
125 336 1
151 336 1
268 336 1
349 336 1
461 336 1
503 336 1
36 337 1
47 337 1
87 337 1
95 337 1
205 337 1
320 337 1
376 337 1
394 337 1
410 337 1
481 337 1
8 338 1
12 338 1
20 338 1
47 338 1
65 338 1
85 338 1
133 338 1
144 338 1
150 338 1
200 338 1
215 338 1
241 338 1
247 338 1
282 338 1
322 338 1
362 338 1
366 338 1
373 338 1
377 338 1
381 338 1
385 338 1
402 338 1
410 338 1
456 338 1
473 338 1
482 338 1
137 339 1
172 339 1
192 339 1
316 339 1
389 339 1
413 339 1
32 340 1
46 340 1
65 340 1
80 340 1
97 340 1
98 340 1
112 340 1
117 340 1
126 340 1
140 340 1
142 340 1
235 340 1
241 340 1
272 340 1
304 340 1
319 340 1
343 340 1
388 340 1
409 340 1
464 340 1
480 340 1
482 340 1
2 341 1
6 341 1
55 341 1
104 341 1
123 341 1
149 341 1
192 341 1
199 341 1
293 341 1
300 341 1
325 341 1
368 341 1
424 341 1
440 341 1
450 341 1
469 341 1
472 341 1
9 342 1
22 342 1
32 342 1
48 342 1
51 342 1
73 342 1
75 342 1
102 342 1
105 342 1
106 342 1
125 342 1
139 342 1
159 342 1
171 342 1
201 342 1
203 342 1
216 342 1
217 342 1
226 342 1
238 342 1
240 342 1
241 342 1
278 342 1
298 342 1
312 342 1
324 342 1
343 342 1
382 342 1
401 342 1
412 342 1
445 342 1
452 342 1
457 342 1
471 342 1
495 342 1
497 342 1
83 343 1
116 343 1
130 343 1
133 343 1
174 343 1
241 343 1
249 343 1
267 343 1
298 343 1
330 343 1
340 343 1
342 343 1
365 343 1
371 343 1
402 343 1
425 343 1
478 343 1
480 343 1
486 343 1
43 344 1
45 344 1
77 344 1
80 344 1
125 344 1
150 344 1
200 344 1
227 344 1
240 344 1
241 344 1
279 344 1
291 344 1
308 344 1
311 344 1
312 344 1
319 344 1
324 344 1
353 344 1
385 344 1
392 344 1
412 344 1
428 344 1
438 344 1
467 344 1
468 344 1
497 344 1
14 345 1
38 345 1
62 345 1
76 345 1
88 345 1
168 345 1
178 345 1
258 345 1
369 345 1
396 345 1
447 345 1
459 345 1
4 346 1
11 346 1
56 346 1
94 346 1
135 346 1
149 346 1
209 346 1
270 346 1
325 346 1
368 346 1
405 346 1
414 346 1
434 346 1
479 346 1
489 346 1
109 347 1
23 348 1
72 348 1
76 348 1
84 348 1
86 348 1
131 348 1
148 348 1
183 348 1
191 348 1
198 348 1
206 348 1
219 348 1
221 348 1
223 348 1
225 348 1
234 348 1
239 348 1
242 348 1
256 348 1
269 348 1
275 348 1
277 348 1
287 348 1
306 348 1
329 348 1
359 348 1
378 348 1
419 348 1
460 348 1
476 348 1
493 348 1
494 348 1
21 349 1
28 349 1
57 349 1
81 349 1
102 349 1
104 349 1
145 349 1
151 349 1
161 349 1
224 349 1
274 349 1
276 349 1
290 349 1
313 349 1
321 349 1
336 349 1
353 349 1
355 349 1
386 349 1
398 349 1
423 349 1
445 349 1
458 349 1
461 349 1
487 349 1
8 350 1
12 350 1
111 350 1
263 350 1
356 350 1
39 351 1
103 351 1
118 351 1
193 351 1
248 351 1
283 351 1
403 351 1
435 351 1
12 352 1
43 353 1
77 353 1
81 353 1
102 353 1
139 353 1
165 353 1
255 353 1
313 353 1
344 353 1
349 353 1
355 353 1
386 353 1
429 353 1
463 353 1
487 353 1
399 354 1
16 355 1
57 355 1
61 355 1
70 355 1
81 355 1
102 355 1
139 355 1
161 355 1
181 355 1
201 355 1
216 355 1
235 355 1
252 355 1
255 355 1
261 355 1
274 355 1
276 355 1
297 355 1
313 355 1
321 355 1
326 355 1
349 355 1
353 355 1
375 355 1
386 355 1
398 355 1
400 355 1
427 355 1
429 355 1
445 355 1
458 355 1
461 355 1
474 355 1
483 355 1
90 356 1
130 356 1
142 356 1
263 356 1
289 356 1
311 356 1
350 356 1
140 357 1
41 358 1
42 358 1
56 358 1
100 358 1
149 358 1
162 358 1
187 358 1
189 358 1
202 358 1
208 358 1
214 358 1
334 358 1
393 358 1
396 358 1
405 358 1
407 358 1
434 358 1
455 358 1
462 358 1
23 359 1
25 359 1
64 359 1
68 359 1
72 359 1
76 359 1
86 359 1
110 359 1
148 359 1
154 359 1
176 359 1
177 359 1
180 359 1
183 359 1
191 359 1
198 359 1
223 359 1
225 359 1
234 359 1
275 359 1
277 359 1
281 359 1
291 359 1
301 359 1
306 359 1
309 359 1
323 359 1
329 359 1
348 359 1
378 359 1
395 359 1
418 359 1
419 359 1
444 359 1
446 359 1
457 359 1
280 360 1
477 360 1
63 361 1
70 361 1
104 361 1
121 361 1
195 361 1
252 361 1
255 361 1
268 361 1
299 361 1
373 361 1
461 361 1
469 361 1
483 361 1
500 361 1
503 361 1
215 362 1
241 362 1
296 362 1
338 362 1
373 362 1
377 362 1
385 362 1
402 362 1
438 362 1
482 362 1
194 363 1
266 363 1
290 363 1
299 363 1
375 363 1
442 363 1
151 364 1
503 364 1
330 365 1
343 365 1
29 366 1
91 366 1
125 366 1
264 366 1
289 366 1
318 366 1
338 366 1
397 366 1
456 366 1
170 367 1
232 367 1
266 367 1
409 367 1
431 367 1
2 368 1
4 368 1
10 368 1
11 368 1
52 368 1
55 368 1
56 368 1
67 368 1
94 368 1
99 368 1
135 368 1
149 368 1
199 368 1
209 368 1
270 368 1
293 368 1
300 368 1
325 368 1
327 368 1
341 368 1
346 368 1
414 368 1
424 368 1
434 368 1
440 368 1
450 368 1
469 368 1
472 368 1
479 368 1
489 368 1
14 369 1
38 369 1
88 369 1
168 369 1
178 369 1
258 369 1
345 369 1
459 369 1
501 369 1
21 370 1
254 370 1
281 370 1
45 371 1
47 371 1
65 371 1
85 371 1
87 371 1
116 371 1
122 371 1
133 371 1
144 371 1
160 371 1
217 371 1
241 371 1
246 371 1
249 371 1
265 371 1
267 371 1
289 371 1
315 371 1
319 371 1
320 371 1
322 371 1
324 371 1
343 371 1
372 371 1
377 371 1
385 371 1
392 371 1
402 371 1
425 371 1
480 371 1
87 372 1
267 372 1
319 372 1
324 372 1
371 372 1
387 372 1
21 373 1
40 373 1
49 373 1
63 373 1
104 373 1
252 373 1
268 373 1
282 373 1
287 373 1
338 373 1
361 373 1
362 373 1
503 373 1
184 374 1
50 375 1
57 375 1
61 375 1
81 375 1
102 375 1
145 375 1
160 375 1
196 375 1
266 375 1
274 375 1
276 375 1
289 375 1
290 375 1
299 375 1
310 375 1
313 375 1
321 375 1
324 375 1
355 375 1
363 375 1
398 375 1
423 375 1
431 375 1
436 375 1
442 375 1
445 375 1
500 375 1
58 376 1
60 376 1
65 376 1
87 376 1
157 376 1
171 376 1
175 376 1
241 376 1
337 376 1
410 376 1
442 376 1
482 376 1
497 376 1
12 377 1
20 377 1
85 377 1
117 377 1
134 377 1
163 377 1
207 377 1
215 377 1
249 377 1
265 377 1
322 377 1
338 377 1
362 377 1
371 377 1
385 377 1
402 377 1
417 377 1
425 377 1
456 377 1
473 377 1
23 378 1
64 378 1
68 378 1
72 378 1
76 378 1
84 378 1
86 378 1
110 378 1
148 378 1
152 378 1
153 378 1
177 378 1
180 378 1
219 378 1
223 378 1
234 378 1
239 378 1
242 378 1
262 378 1
269 378 1
275 378 1
277 378 1
287 378 1
301 378 1
329 378 1
348 378 1
359 378 1
395 378 1
418 378 1
419 378 1
444 378 1
460 378 1
488 378 1
494 378 1
19 379 1
24 379 1
28 379 1
45 379 1
51 379 1
73 379 1
125 379 1
150 379 1
158 379 1
279 379 1
291 379 1
298 379 1
324 379 1
392 379 1
408 379 1
438 379 1
457 379 1
467 379 1
7 380 1
96 380 1
120 380 1
137 380 1
190 380 1
192 380 1
237 380 1
389 380 1
411 380 1
413 380 1
424 380 1
450 380 1
465 380 1
20 381 1
215 381 1
322 381 1
338 381 1
385 381 1
403 381 1
473 381 1
497 381 1
3 382 1
24 382 1
45 382 1
48 382 1
51 382 1
73 382 1
75 382 1
125 382 1
159 382 1
217 382 1
240 382 1
275 382 1
278 382 1
291 382 1
298 382 1
342 382 1
392 382 1
401 382 1
402 382 1
404 382 1
428 382 1
437 382 1
457 382 1
471 382 1
46 383 1
49 383 1
117 383 1
478 383 1
480 383 1
103 384 1
283 384 1
20 385 1
34 385 1
47 385 1
90 385 1
109 385 1
125 385 1
170 385 1
176 385 1
200 385 1
205 385 1
215 385 1
227 385 1
232 385 1
282 385 1
291 385 1
338 385 1
344 385 1
362 385 1
371 385 1
377 385 1
381 385 1
410 385 1
425 385 1
435 385 1
473 385 1
482 385 1
497 385 1
81 386 1
102 386 1
127 386 1
139 386 1
349 386 1
353 386 1
355 386 1
458 386 1
246 387 1
267 387 1
372 387 1
46 388 1
80 388 1
97 388 1
98 388 1
112 388 1
117 388 1
126 388 1
140 388 1
142 388 1
228 388 1
235 388 1
244 388 1
304 388 1
340 388 1
409 388 1
422 388 1
441 388 1
464 388 1
480 388 1
7 389 1
52 389 1
96 389 1
99 389 1
107 389 1
108 389 1
120 389 1
123 389 1
137 389 1
190 389 1
191 389 1
192 389 1
237 389 1
260 389 1
316 389 1
339 389 1
380 389 1
411 389 1
413 389 1
420 389 1
424 389 1
450 389 1
465 389 1
472 389 1
480 390 1
183 391 1
201 391 1
224 391 1
438 391 1
22 392 1
45 392 1
65 392 1
66 392 1
73 392 1
85 392 1
125 392 1
130 392 1
133 392 1
150 392 1
158 392 1
186 392 1
200 392 1
218 392 1
230 392 1
241 392 1
265 392 1
267 392 1
275 392 1
278 392 1
279 392 1
289 392 1
291 392 1
302 392 1
344 392 1
371 392 1
379 392 1
382 392 1
402 392 1
417 392 1
438 392 1
447 392 1
453 392 1
456 392 1
466 392 1
467 392 1
468 392 1
41 393 1
42 393 1
56 393 1
99 393 1
100 393 1
149 393 1
162 393 1
187 393 1
189 393 1
202 393 1
208 393 1
214 393 1
307 393 1
325 393 1
334 393 1
358 393 1
396 393 1
405 393 1
407 393 1
455 393 1
462 393 1
472 393 1
47 394 1
95 394 1
205 394 1
236 394 1
337 394 1
410 394 1
23 395 1
25 395 1
64 395 1
72 395 1
76 395 1
84 395 1
110 395 1
176 395 1
180 395 1
183 395 1
191 395 1
206 395 1
225 395 1
234 395 1
275 395 1
323 395 1
329 395 1
359 395 1
378 395 1
418 395 1
419 395 1
444 395 1
476 395 1
502 395 1
42 396 1
100 396 1
187 396 1
208 396 1
334 396 1
345 396 1
358 396 1
393 396 1
405 396 1
455 396 1
29 397 1
78 397 1
91 397 1
286 397 1
318 397 1
366 397 1
425 397 1
463 397 1
57 398 1
81 398 1
101 398 1
102 398 1
115 398 1
145 398 1
252 398 1
274 398 1
310 398 1
313 398 1
349 398 1
355 398 1
375 398 1
430 398 1
445 398 1
15 399 1
32 399 1
65 399 1
71 399 1
79 399 1
204 399 1
288 399 1
354 399 1
415 399 1
425 399 1
456 399 1
181 400 1
196 400 1
265 400 1
310 400 1
328 400 1
355 400 1
406 400 1
429 400 1
431 400 1
439 400 1
442 400 1
445 400 1
483 400 1
1 401 1
3 401 1
9 401 1
24 401 1
48 401 1
51 401 1
73 401 1
75 401 1
106 401 1
133 401 1
136 401 1
159 401 1
203 401 1
217 401 1
226 401 1
238 401 1
240 401 1
298 401 1
342 401 1
382 401 1
404 401 1
428 401 1
457 401 1
471 401 1
8 402 1
12 402 1
22 402 1
30 402 1
85 402 1
111 402 1
125 402 1
150 402 1
204 402 1
215 402 1
235 402 1
241 402 1
249 402 1
254 402 1
275 402 1
301 402 1
322 402 1
338 402 1
343 402 1
362 402 1
371 402 1
377 402 1
382 402 1
392 402 1
417 402 1
447 402 1
456 402 1
468 402 1
473 402 1
485 402 1
497 402 1
39 403 1
103 403 1
118 403 1
185 403 1
193 403 1
248 403 1
283 403 1
351 403 1
381 403 1
435 403 1
51 404 1
73 404 1
75 404 1
217 404 1
238 404 1
298 404 1
382 404 1
401 404 1
428 404 1
470 404 1
41 405 1
42 405 1
100 405 1
162 405 1
189 405 1
202 405 1
208 405 1
334 405 1
346 405 1
358 405 1
393 405 1
396 405 1
407 405 1
455 405 1
462 405 1
14 406 1
133 406 1
178 406 1
258 406 1
400 406 1
439 406 1
459 406 1
42 407 1
56 407 1
100 407 1
162 407 1
208 407 1
334 407 1
358 407 1
393 407 1
405 407 1
455 407 1
462 407 1
489 407 1
22 408 1
125 408 1
379 408 1
438 408 1
467 408 1
46 409 1
49 409 1
117 409 1
126 409 1
140 409 1
142 409 1
232 409 1
235 409 1
282 409 1
340 409 1
367 409 1
388 409 1
464 409 1
498 409 1
36 410 1
47 410 1
87 410 1
95 410 1
205 410 1
236 410 1
241 410 1
337 410 1
338 410 1
376 410 1
385 410 1
394 410 1
470 410 1
481 410 1
497 410 1
7 411 1
52 411 1
67 411 1
96 411 1
99 411 1
107 411 1
120 411 1
123 411 1
137 411 1
172 411 1
192 411 1
237 411 1
260 411 1
300 411 1
316 411 1
325 411 1
327 411 1
380 411 1
389 411 1
413 411 1
420 411 1
421 411 1
424 411 1
440 411 1
450 411 1
465 411 1
472 411 1
17 412 1
32 412 1
140 412 1
142 412 1
171 412 1
241 412 1
311 412 1
342 412 1
344 412 1
474 412 1
7 413 1
18 413 1
52 413 1
67 413 1
96 413 1
107 413 1
108 413 1
120 413 1
123 413 1
137 413 1
172 413 1
190 413 1
192 413 1
211 413 1
237 413 1
260 413 1
316 413 1
317 413 1
325 413 1
327 413 1
339 413 1
380 413 1
389 413 1
411 413 1
421 413 1
424 413 1
450 413 1
465 413 1
472 413 1
4 414 1
11 414 1
42 414 1
56 414 1
60 414 1
94 414 1
149 414 1
209 414 1
270 414 1
293 414 1
346 414 1
368 414 1
434 414 1
479 414 1
489 414 1
15 415 1
230 415 1
288 415 1
399 415 1
451 415 1
456 415 1
112 416 1
140 416 1
142 416 1
146 416 1
216 416 1
251 416 1
265 416 1
304 416 1
422 416 1
12 417 1
65 417 1
69 417 1
244 417 1
265 417 1
377 417 1
392 417 1
402 417 1
475 417 1
24 418 1
68 418 1
72 418 1
76 418 1
110 418 1
154 418 1
177 418 1
198 418 1
225 418 1
234 418 1
239 418 1
269 418 1
277 418 1
287 418 1
329 418 1
359 418 1
378 418 1
395 418 1
444 418 1
71 419 1
84 419 1
86 419 1
131 419 1
148 419 1
176 419 1
183 419 1
191 419 1
198 419 1
206 419 1
219 419 1
223 419 1
225 419 1
228 419 1
234 419 1
239 419 1
242 419 1
256 419 1
269 419 1
275 419 1
287 419 1
301 419 1
306 419 1
309 419 1
329 419 1
348 419 1
359 419 1
378 419 1
395 419 1
444 419 1
460 419 1
488 419 1
494 419 1
7 420 1
96 420 1
99 420 1
107 420 1
123 420 1
137 420 1
190 420 1
192 420 1
237 420 1
316 420 1
389 420 1
411 420 1
421 420 1
424 420 1
450 420 1
465 420 1
7 421 1
52 421 1
96 421 1
99 421 1
123 421 1
190 421 1
192 421 1
411 421 1
413 421 1
420 421 1
424 421 1
450 421 1
112 422 1
126 422 1
142 422 1
244 422 1
388 422 1
416 422 1
50 423 1
57 423 1
85 423 1
102 423 1
145 423 1
161 423 1
224 423 1
257 423 1
274 423 1
290 423 1
332 423 1
349 423 1
375 423 1
436 423 1
445 423 1
2 424 1
7 424 1
52 424 1
55 424 1
67 424 1
96 424 1
99 424 1
107 424 1
108 424 1
120 424 1
123 424 1
137 424 1
172 424 1
190 424 1
192 424 1
237 424 1
260 424 1
293 424 1
316 424 1
317 424 1
325 424 1
341 424 1
368 424 1
380 424 1
389 424 1
411 424 1
413 424 1
420 424 1
421 424 1
440 424 1
450 424 1
465 424 1
472 424 1
65 425 1
81 425 1
87 425 1
117 425 1
133 425 1
139 425 1
144 425 1
156 425 1
160 425 1
169 425 1
200 425 1
257 425 1
289 425 1
343 425 1
371 425 1
377 425 1
385 425 1
397 425 1
399 425 1
470 425 1
78 426 1
194 426 1
486 426 1
83 427 1
235 427 1
255 427 1
273 427 1
330 427 1
355 427 1
474 427 1
484 427 1
1 428 1
24 428 1
48 428 1
51 428 1
73 428 1
136 428 1
184 428 1
217 428 1
238 428 1
240 428 1
275 428 1
278 428 1
298 428 1
324 428 1
344 428 1
382 428 1
401 428 1
404 428 1
457 428 1
16 429 1
255 429 1
353 429 1
355 429 1
400 429 1
458 429 1
483 429 1
44 430 1
74 430 1
101 430 1
115 430 1
194 430 1
213 430 1
245 430 1
247 430 1
305 430 1
310 430 1
333 430 1
398 430 1
61 431 1
137 431 1
144 431 1
145 431 1
170 431 1
232 431 1
266 431 1
299 431 1
310 431 1
367 431 1
375 431 1
400 431 1
442 431 1
445 431 1
487 431 1
280 432 1
51 433 1
73 433 1
75 433 1
144 433 1
203 433 1
217 433 1
218 433 1
238 433 1
278 433 1
298 433 1
324 433 1
471 433 1
4 434 1
11 434 1
56 434 1
94 434 1
135 434 1
149 434 1
270 434 1
346 434 1
358 434 1
368 434 1
414 434 1
479 434 1
489 434 1
39 435 1
103 435 1
118 435 1
185 435 1
193 435 1
248 435 1
283 435 1
351 435 1
385 435 1
403 435 1
81 436 1
102 436 1
145 436 1
224 436 1
274 436 1
290 436 1
375 436 1
423 436 1
445 436 1
24 437 1
159 437 1
240 437 1
298 437 1
382 437 1
473 437 1
19 438 1
22 438 1
27 438 1
48 438 1
125 438 1
150 438 1
158 438 1
161 438 1
181 438 1
201 438 1
212 438 1
224 438 1
230 438 1
279 438 1
285 438 1
291 438 1
344 438 1
362 438 1
379 438 1
391 438 1
392 438 1
408 438 1
447 438 1
456 438 1
466 438 1
467 438 1
468 438 1
400 439 1
406 439 1
2 440 1
6 440 1
10 440 1
120 440 1
172 440 1
199 440 1
220 440 1
293 440 1
325 440 1
341 440 1
368 440 1
411 440 1
424 440 1
469 440 1
472 440 1
46 441 1
98 441 1
126 441 1
140 441 1
142 441 1
304 441 1
388 441 1
464 441 1
486 441 1
13 442 1
58 442 1
61 442 1
81 442 1
102 442 1
157 442 1
175 442 1
181 442 1
196 442 1
266 442 1
281 442 1
290 442 1
299 442 1
310 442 1
328 442 1
363 442 1
375 442 1
376 442 1
400 442 1
431 442 1
445 442 1
483 442 1
485 442 1
497 442 1
500 442 1
66 443 1
23 444 1
25 444 1
48 444 1
64 444 1
68 444 1
72 444 1
76 444 1
84 444 1
110 444 1
136 444 1
148 444 1
176 444 1
177 444 1
183 444 1
198 444 1
234 444 1
239 444 1
275 444 1
277 444 1
291 444 1
298 444 1
301 444 1
329 444 1
359 444 1
378 444 1
395 444 1
418 444 1
419 444 1
57 445 1
81 445 1
102 445 1
145 445 1
181 445 1
224 445 1
255 445 1
274 445 1
290 445 1
310 445 1
328 445 1
342 445 1
349 445 1
355 445 1
375 445 1
398 445 1
400 445 1
423 445 1
431 445 1
436 445 1
442 445 1
483 445 1
15 446 1
64 446 1
110 446 1
177 446 1
206 446 1
265 446 1
281 446 1
319 446 1
359 446 1
493 446 1
19 447 1
45 447 1
125 447 1
150 447 1
158 447 1
230 447 1
279 447 1
291 447 1
296 447 1
345 447 1
392 447 1
402 447 1
438 447 1
473 447 1
320 448 1
141 449 1
2 450 1
7 450 1
10 450 1
42 450 1
52 450 1
55 450 1
67 450 1
96 450 1
99 450 1
107 450 1
108 450 1
120 450 1
123 450 1
137 450 1
172 450 1
187 450 1
190 450 1
192 450 1
211 450 1
237 450 1
260 450 1
293 450 1
316 450 1
317 450 1
325 450 1
341 450 1
368 450 1
380 450 1
389 450 1
411 450 1
413 450 1
420 450 1
421 450 1
424 450 1
465 450 1
472 450 1
15 451 1
79 451 1
230 451 1
288 451 1
415 451 1
456 451 1
467 451 1
106 452 1
159 452 1
210 452 1
342 452 1
34 453 1
73 453 1
119 453 1
186 453 1
188 453 1
324 453 1
392 453 1
201 454 1
273 454 1
285 454 1
42 455 1
100 455 1
162 455 1
187 455 1
189 455 1
208 455 1
214 455 1
334 455 1
358 455 1
393 455 1
396 455 1
405 455 1
407 455 1
462 455 1
45 456 1
66 456 1
85 456 1
125 456 1
173 456 1
215 456 1
230 456 1
291 456 1
338 456 1
366 456 1
377 456 1
392 456 1
399 456 1
402 456 1
415 456 1
438 456 1
451 456 1
467 456 1
24 457 1
48 457 1
51 457 1
73 457 1
75 457 1
106 457 1
130 457 1
136 457 1
159 457 1
217 457 1
240 457 1
278 457 1
298 457 1
302 457 1
328 457 1
342 457 1
359 457 1
379 457 1
382 457 1
401 457 1
428 457 1
471 457 1
57 458 1
81 458 1
102 458 1
127 458 1
130 458 1
139 458 1
255 458 1
311 458 1
349 458 1
355 458 1
386 458 1
429 458 1
14 459 1
38 459 1
62 459 1
76 459 1
88 459 1
168 459 1
178 459 1
258 459 1
345 459 1
369 459 1
406 459 1
23 460 1
25 460 1
72 460 1
76 460 1
84 460 1
86 460 1
99 460 1
131 460 1
148 460 1
152 460 1
191 460 1
225 460 1
234 460 1
242 460 1
269 460 1
275 460 1
287 460 1
301 460 1
306 460 1
309 460 1
329 460 1
348 460 1
378 460 1
419 460 1
488 460 1
494 460 1
21 461 1
63 461 1
81 461 1
102 461 1
104 461 1
151 461 1
252 461 1
274 461 1
313 461 1
336 461 1
349 461 1
355 461 1
361 461 1
487 461 1
41 462 1
42 462 1
100 462 1
162 462 1
189 462 1
214 462 1
334 462 1
358 462 1
393 462 1
405 462 1
407 462 1
455 462 1
85 463 1
134 463 1
163 463 1
353 463 1
397 463 1
10 464 1
22 464 1
46 464 1
80 464 1
97 464 1
98 464 1
117 464 1
126 464 1
139 464 1
140 464 1
142 464 1
170 464 1
251 464 1
296 464 1
304 464 1
312 464 1
340 464 1
388 464 1
409 464 1
441 464 1
480 464 1
484 464 1
7 465 1
67 465 1
96 465 1
99 465 1
108 465 1
120 465 1
137 465 1
172 465 1
190 465 1
192 465 1
237 465 1
260 465 1
316 465 1
317 465 1
380 465 1
389 465 1
411 465 1
413 465 1
420 465 1
424 465 1
450 465 1
125 466 1
150 466 1
212 466 1
289 466 1
291 466 1
392 466 1
438 466 1
467 466 1
19 467 1
22 467 1
27 467 1
45 467 1
117 467 1
125 467 1
150 467 1
158 467 1
201 467 1
230 467 1
238 467 1
242 467 1
275 467 1
279 467 1
291 467 1
296 467 1
344 467 1
379 467 1
392 467 1
408 467 1
438 467 1
451 467 1
456 467 1
466 467 1
468 467 1
480 467 1
19 468 1
22 468 1
45 468 1
125 468 1
150 468 1
201 468 1
212 468 1
230 468 1
275 468 1
279 468 1
291 468 1
344 468 1
392 468 1
402 468 1
438 468 1
467 468 1
2 469 1
10 469 1
55 469 1
63 469 1
104 469 1
123 469 1
199 469 1
265 469 1
293 469 1
325 469 1
327 469 1
341 469 1
361 469 1
368 469 1
440 469 1
472 469 1
47 470 1
226 470 1
243 470 1
322 470 1
404 470 1
410 470 1
425 470 1
481 470 1
499 470 1
51 471 1
73 471 1
75 471 1
136 471 1
217 471 1
226 471 1
238 471 1
265 471 1
298 471 1
302 471 1
342 471 1
382 471 1
401 471 1
433 471 1
457 471 1
2 472 1
6 472 1
10 472 1
55 472 1
67 472 1
99 472 1
107 472 1
108 472 1
123 472 1
137 472 1
199 472 1
211 472 1
280 472 1
293 472 1
300 472 1
316 472 1
317 472 1
325 472 1
327 472 1
341 472 1
368 472 1
389 472 1
393 472 1
411 472 1
413 472 1
424 472 1
440 472 1
450 472 1
469 472 1
20 473 1
215 473 1
338 473 1
377 473 1
381 473 1
385 473 1
402 473 1
437 473 1
447 473 1
171 474 1
235 474 1
255 474 1
311 474 1
326 474 1
355 474 1
412 474 1
427 474 1
486 474 1
23 475 1
234 475 1
275 475 1
417 475 1
64 476 1
148 476 1
153 476 1
180 476 1
219 476 1
234 476 1
269 476 1
275 476 1
322 476 1
348 476 1
395 476 1
493 476 1
502 476 1
280 477 1
360 477 1
22 478 1
49 478 1
82 478 1
194 478 1
244 478 1
286 478 1
343 478 1
383 478 1
486 478 1
496 478 1
497 478 1
4 479 1
11 479 1
56 479 1
94 479 1
135 479 1
149 479 1
209 479 1
270 479 1
346 479 1
368 479 1
414 479 1
434 479 1
489 479 1
46 480 1
72 480 1
87 480 1
97 480 1
98 480 1
116 480 1
117 480 1
122 480 1
133 480 1
139 480 1
140 480 1
142 480 1
144 480 1
170 480 1
174 480 1
242 480 1
249 480 1
304 480 1
331 480 1
340 480 1
343 480 1
371 480 1
383 480 1
388 480 1
390 480 1
464 480 1
467 480 1
47 481 1
87 481 1
125 481 1
320 481 1
337 481 1
410 481 1
470 481 1
58 482 1
65 482 1
144 482 1
154 482 1
157 482 1
171 482 1
175 482 1
191 482 1
241 482 1
277 482 1
281 482 1
338 482 1
340 482 1
362 482 1
376 482 1
385 482 1
497 482 1
502 482 1
16 483 1
63 483 1
65 483 1
70 483 1
77 483 1
104 483 1
181 483 1
196 483 1
235 483 1
251 483 1
255 483 1
273 483 1
284 483 1
296 483 1
299 483 1
303 483 1
355 483 1
361 483 1
400 483 1
429 483 1
442 483 1
445 483 1
484 483 1
7 484 1
16 484 1
69 484 1
106 484 1
108 484 1
196 484 1
204 484 1
235 484 1
251 484 1
255 484 1
273 484 1
284 484 1
296 484 1
312 484 1
330 484 1
427 484 1
464 484 1
483 484 1
15 485 1
30 485 1
58 485 1
60 485 1
157 485 1
168 485 1
171 485 1
243 485 1
254 485 1
265 485 1
281 485 1
299 485 1
402 485 1
442 485 1
497 485 1
501 485 1
45 486 1
49 486 1
78 486 1
82 486 1
163 486 1
174 486 1
194 486 1
227 486 1
233 486 1
343 486 1
426 486 1
441 486 1
474 486 1
478 486 1
491 486 1
58 487 1
81 487 1
102 487 1
139 487 1
170 487 1
252 487 1
266 487 1
331 487 1
349 487 1
353 487 1
431 487 1
461 487 1
72 488 1
76 488 1
86 488 1
223 488 1
269 488 1
275 488 1
287 488 1
301 488 1
329 488 1
378 488 1
419 488 1
460 488 1
494 488 1
4 489 1
11 489 1
42 489 1
56 489 1
94 489 1
135 489 1
149 489 1
209 489 1
270 489 1
346 489 1
368 489 1
407 489 1
414 489 1
434 489 1
479 489 1
250 490 1
143 491 1
174 491 1
194 491 1
486 491 1
36 492 1
47 492 1
23 493 1
64 493 1
110 493 1
148 493 1
180 493 1
191 493 1
219 493 1
228 493 1
262 493 1
275 493 1
348 493 1
446 493 1
476 493 1
72 494 1
84 494 1
86 494 1
131 494 1
153 494 1
191 494 1
198 494 1
223 494 1
225 494 1
234 494 1
242 494 1
269 494 1
275 494 1
287 494 1
306 494 1
329 494 1
348 494 1
378 494 1
419 494 1
460 494 1
488 494 1
22 495 1
33 495 1
73 495 1
105 495 1
159 495 1
171 495 1
203 495 1
216 495 1
217 495 1
312 495 1
342 495 1
478 496 1
22 497 1
36 497 1
58 497 1
60 497 1
144 497 1
157 497 1
171 497 1
175 497 1
179 497 1
241 497 1
281 497 1
322 497 1
342 497 1
344 497 1
376 497 1
381 497 1
385 497 1
402 497 1
410 497 1
442 497 1
478 497 1
482 497 1
485 497 1
46 498 1
409 498 1
36 499 1
182 499 1
243 499 1
470 499 1
61 500 1
63 500 1
70 500 1
104 500 1
299 500 1
361 500 1
375 500 1
442 500 1
15 501 1
168 501 1
178 501 1
369 501 1
485 501 1
25 502 1
64 502 1
72 502 1
154 502 1
176 502 1
177 502 1
180 502 1
183 502 1
191 502 1
234 502 1
262 502 1
277 502 1
306 502 1
323 502 1
395 502 1
476 502 1
482 502 1
28 503 1
63 503 1
104 503 1
121 503 1
125 503 1
151 503 1
195 503 1
252 503 1
268 503 1
336 503 1
361 503 1
364 503 1
373 503 1
