200
8 10 1
10 12 1
1 13 1
5 13 1
11 15 1
11 17 1
8 18 1
10 18 1
18 19 1
13 21 1
6 22 1
15 23 1
2 24 1
7 24 1
9 24 1
22 24 1
25 27 1
2 30 1
16 31 1
1 32 1
27 33 1
33 34 1
11 36 1
27 36 1
26 37 1
9 38 1
36 38 1
15 39 1
23 39 1
4 40 1
12 40 1
37 40 1
39 40 1
8 41 1
10 41 1
20 41 1
1 42 1
16 42 1
34 42 1
3 43 1
4 43 1
26 43 1
29 43 1
5 44 1
11 44 1
15 44 1
16 44 1
27 44 1
34 44 1
13 45 1
21 45 1
25 45 1
44 45 1
15 46 1
16 46 1
26 46 1
28 46 1
12 47 1
43 47 1
17 48 1
10 49 1
36 49 1
19 50 1
25 50 1
22 51 1
7 53 1
17 53 1
42 53 1
46 53 1
10 54 1
22 55 1
7 56 1
24 56 1
26 56 1
37 56 1
13 57 1
19 57 1
35 57 1
52 57 1
48 58 1
6 59 1
7 59 1
24 59 1
36 59 1
49 59 1
1 60 1
50 60 1
56 60 1
48 61 1
29 62 1
6 63 1
7 63 1
18 63 1
22 63 1
54 63 1
62 63 1
16 64 1
21 64 1
40 64 1
44 64 1
59 64 1
6 65 1
7 65 1
8 65 1
33 65 1
56 65 1
12 66 1
34 66 1
46 66 1
2 67 1
15 67 1
55 67 1
18 68 1
36 68 1
50 68 1
1 69 1
5 69 1
11 69 1
5 70 1
31 70 1
69 70 1
5 71 1
25 71 1
15 72 1
23 72 1
26 72 1
30 72 1
5 73 1
50 73 1
65 73 1
70 73 1
13 74 1
55 74 1
66 74 1
9 75 1
27 75 1
28 75 1
33 75 1
34 75 1
70 75 1
11 76 1
21 76 1
27 76 1
34 76 1
38 76 1
73 76 1
4 77 1
10 77 1
28 77 1
35 77 1
50 77 1
24 78 1
35 78 1
51 78 1
65 78 1
23 79 1
27 80 1
59 80 1
73 80 1
13 81 1
24 81 1
10 82 1
18 82 1
54 82 1
65 82 1
20 83 1
41 83 1
63 83 1
4 84 1
57 85 1
72 85 1
3 86 1
20 86 1
50 86 1
15 87 1
11 88 1
16 88 1
40 88 1
46 88 1
58 88 1
72 88 1
9 89 1
13 89 1
54 89 1
72 89 1
11 90 1
44 90 1
85 90 1
7 91 1
14 91 1
15 91 1
26 91 1
66 91 1
32 92 1
69 92 1
75 92 1
48 93 1
66 93 1
30 94 1
84 94 1
87 94 1
93 94 1
39 95 1
45 95 1
1 96 1
27 96 1
36 96 1
44 96 1
71 96 1
91 98 1
21 99 1
34 99 1
38 99 1
80 99 1
49 100 1
68 100 1
74 100 1
20 101 1
22 101 1
86 101 1
1 102 1
19 102 1
21 102 1
27 102 1
31 102 1
50 102 1
57 102 1
65 102 1
69 102 1
71 102 1
1 103 1
43 103 1
48 103 1
53 103 1
58 103 1
70 103 1
16 104 1
27 104 1
44 104 1
55 104 1
75 104 1
12 105 1
19 105 1
33 105 1
38 105 1
49 105 1
63 105 1
68 105 1
9 106 1
72 106 1
74 106 1
95 106 1
105 106 1
7 107 1
40 107 1
81 107 1
84 107 1
14 108 1
29 108 1
68 108 1
87 108 1
7 109 1
23 109 1
28 109 1
58 109 1
84 109 1
88 109 1
10 110 1
17 110 1
26 110 1
53 110 1
57 110 1
82 110 1
8 111 1
23 111 1
24 111 1
35 111 1
43 111 1
49 111 1
53 111 1
58 111 1
60 111 1
65 111 1
83 111 1
18 112 1
31 112 1
32 112 1
44 112 1
78 112 1
15 113 1
17 113 1
34 113 1
44 113 1
47 113 1
53 113 1
58 113 1
90 113 1
42 114 1
97 114 1
20 115 1
23 115 1
54 115 1
35 116 1
39 116 1
56 116 1
67 116 1
94 116 1
100 116 1
16 117 1
36 117 1
56 117 1
59 117 1
65 117 1
68 117 1
76 117 1
79 117 1
96 117 1
90 118 1
114 118 1
7 119 1
8 119 1
18 119 1
21 119 1
22 119 1
44 119 1
59 119 1
83 119 1
23 120 1
29 120 1
56 120 1
65 120 1
1 121 1
13 121 1
73 121 1
102 121 1
108 121 1
115 121 1
2 122 1
14 122 1
30 122 1
47 122 1
58 122 1
61 122 1
3 123 1
7 123 1
50 123 1
60 123 1
102 123 1
122 123 1
12 124 1
22 124 1
23 124 1
47 124 1
72 124 1
74 124 1
90 124 1
94 124 1
97 124 1
115 124 1
5 125 1
25 125 1
34 125 1
60 125 1
70 125 1
73 125 1
98 125 1
102 125 1
50 126 1
62 126 1
82 126 1
122 126 1
10 127 1
49 127 1
57 127 1
63 127 1
82 127 1
86 127 1
110 127 1
115 127 1
119 127 1
33 128 1
40 128 1
55 128 1
61 128 1
67 128 1
79 128 1
41 129 1
55 129 1
81 129 1
89 129 1
97 129 1
106 129 1
14 130 1
68 130 1
111 130 1
117 130 1
22 131 1
24 131 1
26 131 1
101 131 1
4 132 1
54 132 1
77 132 1
82 132 1
89 132 1
105 132 1
126 132 1
9 133 1
13 133 1
62 133 1
94 133 1
122 133 1
19 134 1
45 134 1
60 134 1
80 134 1
95 134 1
96 134 1
102 134 1
103 134 1
117 134 1
18 135 1
22 135 1
27 135 1
38 135 1
42 135 1
65 135 1
76 135 1
78 135 1
79 135 1
117 135 1
119 135 1
12 136 1
25 136 1
50 136 1
52 136 1
98 136 1
127 136 1
1 137 1
16 137 1
17 137 1
34 137 1
36 137 1
53 137 1
59 137 1
71 137 1
96 137 1
27 138 1
57 138 1
76 138 1
79 138 1
102 138 1
134 138 1
12 139 1
15 139 1
17 139 1
48 139 1
66 139 1
88 139 1
91 139 1
113 139 1
115 139 1
118 139 1
131 139 1
137 139 1
2 140 1
71 140 1
81 140 1
87 140 1
114 140 1
136 140 1
20 141 1
23 141 1
28 141 1
33 141 1
77 141 1
46 142 1
50 142 1
52 142 1
77 142 1
82 142 1
117 142 1
121 142 1
20 143 1
39 143 1
40 143 1
53 143 1
68 143 1
85 143 1
88 143 1
114 143 1
115 143 1
16 144 1
31 144 1
35 144 1
49 144 1
56 144 1
59 144 1
64 144 1
74 144 1
2 145 1
15 145 1
72 145 1
74 145 1
109 145 1
14 146 1
93 146 1
97 146 1
29 147 1
43 147 1
83 147 1
111 147 1
122 147 1
127 147 1
30 148 1
66 148 1
67 148 1
72 148 1
93 148 1
94 148 1
146 148 1
2 149 1
50 149 1
67 149 1
121 149 1
134 149 1
136 149 1
140 149 1
2 150 1
11 150 1
17 150 1
26 150 1
39 150 1
48 150 1
115 150 1
143 150 1
2 151 1
49 151 1
78 151 1
94 151 1
117 151 1
147 151 1
150 151 1
9 152 1
38 152 1
63 152 1
128 152 1
142 152 1
28 153 1
55 153 1
66 153 1
106 153 1
114 153 1
128 153 1
12 154 1
23 154 1
81 154 1
88 154 1
129 154 1
38 155 1
67 155 1
105 155 1
126 155 1
136 155 1
141 155 1
89 156 1
133 156 1
140 156 1
7 157 1
61 157 1
77 157 1
123 157 1
130 157 1
147 157 1
152 157 1
25 158 1
34 158 1
82 158 1
119 158 1
120 158 1
130 158 1
144 158 1
4 159 1
18 159 1
50 159 1
145 159 1
155 159 1
6 160 1
7 160 1
8 160 1
11 160 1
17 160 1
63 160 1
68 160 1
75 160 1
78 160 1
100 160 1
104 160 1
151 160 1
158 160 1
29 161 1
41 161 1
43 161 1
58 161 1
63 161 1
82 161 1
86 161 1
87 161 1
99 161 1
126 161 1
146 161 1
152 161 1
1 162 1
21 162 1
70 162 1
75 162 1
96 162 1
102 162 1
104 162 1
136 162 1
149 162 1
46 163 1
48 163 1
72 163 1
76 163 1
137 163 1
2 164 1
29 164 1
61 164 1
62 164 1
68 164 1
82 164 1
84 164 1
85 164 1
99 164 1
108 164 1
148 164 1
152 164 1
155 164 1
13 165 1
26 165 1
56 165 1
118 165 1
130 165 1
131 165 1
12 166 1
23 166 1
30 166 1
44 166 1
55 166 1
66 166 1
97 166 1
114 166 1
129 166 1
10 167 1
18 167 1
44 167 1
68 167 1
93 167 1
105 167 1
121 167 1
150 167 1
31 168 1
35 168 1
52 168 1
77 168 1
82 168 1
83 168 1
100 168 1
101 168 1
105 168 1
143 168 1
158 168 1
12 169 1
16 169 1
37 169 1
56 169 1
84 169 1
90 169 1
98 169 1
109 169 1
114 169 1
128 169 1
139 169 1
16 170 1
21 170 1
25 170 1
31 170 1
45 170 1
71 170 1
73 170 1
75 170 1
76 170 1
134 170 1
158 170 1
3 171 1
9 171 1
20 171 1
29 171 1
33 171 1
43 171 1
48 171 1
75 171 1
77 171 1
128 171 1
132 171 1
155 171 1
60 172 1
80 172 1
83 172 1
115 172 1
125 172 1
161 172 1
7 173 1
8 173 1
56 173 1
103 173 1
119 173 1
120 173 1
131 173 1
157 173 1
160 173 1
6 174 1
9 174 1
37 174 1
38 174 1
59 174 1
65 174 1
67 174 1
77 174 1
135 174 1
158 174 1
17 175 1
57 175 1
60 175 1
70 175 1
80 175 1
149 175 1
30 176 1
39 176 1
43 176 1
58 176 1
87 176 1
133 176 1
146 176 1
153 176 1
154 176 1
156 176 1
10 177 1
12 177 1
34 177 1
63 177 1
85 177 1
101 177 1
127 177 1
163 177 1
172 177 1
2 178 1
74 178 1
78 178 1
82 178 1
100 178 1
151 178 1
158 178 1
68 179 1
82 179 1
83 179 1
85 179 1
108 179 1
116 179 1
120 179 1
22 180 1
74 180 1
76 180 1
87 180 1
92 180 1
95 180 1
97 180 1
121 180 1
140 180 1
176 180 1
3 181 1
31 181 1
58 181 1
87 181 1
99 181 1
102 181 1
144 181 1
164 181 1
176 181 1
78 182 1
79 182 1
82 182 1
119 182 1
120 182 1
127 182 1
135 182 1
142 182 1
167 182 1
91 183 1
111 183 1
130 183 1
141 183 1
165 183 1
169 183 1
13 184 1
30 184 1
76 184 1
96 184 1
100 184 1
114 184 1
150 184 1
6 185 1
22 185 1
52 185 1
56 185 1
74 185 1
111 185 1
127 185 1
140 185 1
178 185 1
182 185 1
1 186 1
19 186 1
24 186 1
25 186 1
27 186 1
69 186 1
80 186 1
81 186 1
96 186 1
121 186 1
172 186 1
23 187 1
66 187 1
91 187 1
93 187 1
94 187 1
95 187 1
113 187 1
154 187 1
24 188 1
40 188 1
72 188 1
85 188 1
87 188 1
88 188 1
90 188 1
114 188 1
137 188 1
149 188 1
150 188 1
2 189 1
66 189 1
72 189 1
93 189 1
124 189 1
3 190 1
7 190 1
61 190 1
91 190 1
107 190 1
130 190 1
147 190 1
161 190 1
164 190 1
2 191 1
57 191 1
62 191 1
86 191 1
108 191 1
115 191 1
143 191 1
161 191 1
164 191 1
168 191 1
189 191 1
3 192 1
15 192 1
26 192 1
61 192 1
79 192 1
88 192 1
91 192 1
113 192 1
131 192 1
163 192 1
6 193 1
25 193 1
36 193 1
65 193 1
69 193 1
73 193 1
92 193 1
102 193 1
121 193 1
136 193 1
149 193 1
162 193 1
174 193 1
94 194 1
97 194 1
166 194 1
178 194 1
3 195 1
47 195 1
85 195 1
111 195 1
118 195 1
124 195 1
139 195 1
150 195 1
2 196 1
48 196 1
53 196 1
58 196 1
61 196 1
99 196 1
103 196 1
122 196 1
129 196 1
147 196 1
10 197 1
54 197 1
62 197 1
77 197 1
89 197 1
105 197 1
110 197 1
126 197 1
128 197 1
132 197 1
191 197 1
22 198 1
30 198 1
66 198 1
95 198 1
114 198 1
166 198 1
167 198 1
187 198 1
7 199 1
10 199 1
31 199 1
66 199 1
93 199 1
100 199 1
114 199 1
116 199 1
144 199 1
150 199 1
153 199 1
160 199 1
185 199 1
198 199 1
11 200 1
25 200 1
38 200 1
44 200 1
170 200 1
